   3.6400  -5.4483   993.60      .08     1.00      .00   -23.32     1.00   -75.51    -5.24      .00
   3.6425  -5.4467  1185.01      .09      .13      .87    -3.85     1.00    60.44   -11.12      .00
   3.6403  -5.4445  1151.91      .09      .13      .87    -4.27     1.00   -60.78   -19.03      .00
   3.6402  -5.4509  1189.49      .08      .06      .94    -3.09     1.00   -63.45     4.13      .00
   3.6404  -5.4466  1172.77      .09      .14      .86    -3.95     1.00   -54.98   -11.66      .00
   3.6422  -5.4563  1158.92      .11      .21      .79    -4.34     1.00    44.00    23.38      .00
   3.6401  -5.4480  1189.05      .08      .07      .93    -3.38     1.00   -66.82    -6.35      .00
   3.6403  -5.4458  1026.93      .09      .00     1.00    -7.44     1.00   -57.07   -14.45      .00
   3.6424  -5.4476  1305.45      .09      .01      .99    -8.40     1.00    53.77    -7.78      .00
   3.6430  -5.4519  1321.10      .08      .86      .14   -15.35     1.00    84.38     7.44      .00
   3.6423  -5.4493  1146.01      .10      .57      .43    -5.83     1.00    48.11    -1.97      .00
   3.6424  -5.4549  1217.75      .10      .13      .87    -4.36     1.00    54.38    18.37      .00
   3.6401  -5.4497  1169.90      .08     1.00      .00    -6.07     1.00   -68.77     -.30      .00
   3.6422  -5.4459  1095.42      .11      .01      .99    -5.12     1.00    45.06   -14.06      .00
   3.6427  -5.4522  1262.48      .08      .05      .95    -6.16     1.00    71.09     8.80      .00
   3.6406  -5.4449  1210.89      .11      .18      .82    -4.34     1.00   -41.72   -17.55      .00
   3.6423  -5.4492  1251.69      .10     1.00      .00    -8.19     1.00    50.59    -2.05      .00
   3.6425  -5.4538  1205.81      .09      .13      .87    -4.12     1.00    59.80    14.47      .00
   3.6405  -5.4535  1160.03      .11      .17      .83    -4.17     1.00   -45.31    13.22      .00
   3.6405  -5.4452  1104.54      .10      .02      .98    -4.94     1.00   -48.85   -16.56      .00
   3.6426  -5.4502  1256.07      .08     1.00      .00    -8.68     1.00    66.52     1.61      .00
   3.6422  -5.4445  1293.82      .11      .00     1.00    -5.50     1.00    43.17   -18.98      .00
   3.6424  -5.4494  1269.89      .09     1.00      .00    -9.66     1.00    54.86    -1.37      .00
   3.6423  -5.4520  1229.45      .10      .08      .92    -4.40     1.00    51.35     7.80      .00
   3.6404  -5.4505  1214.45      .09      .23      .77    -4.89     1.00   -52.52     2.58      .00
   3.6402  -5.4522  1061.57      .08      .01      .99    -8.61     1.00   -64.81     8.75      .00
   3.6400  -5.4508  1214.69      .08      .23      .77    -5.09     1.00   -76.04     3.56      .00
   3.6402  -5.4466  1093.52      .08      .02      .98    -5.63     1.00   -64.94   -11.63      .00
   3.6402  -5.4509  1248.83      .08      .64      .36    -7.68     1.00   -61.25     4.03      .00
   3.6423  -5.4452  1126.96      .10      .07      .93    -4.59     1.00    49.12   -16.40      .00
   3.6423  -5.4444  1376.00      .10      .00     1.00    -7.81     1.00    50.63   -19.30      .00
   3.6427  -5.4459  1378.79      .08      .00     1.00   -11.28     1.00    71.12   -14.05      .00
   3.6404  -5.4445  1139.05      .10      .11      .89    -4.46     1.00   -51.35   -19.19      .00
   3.6427  -5.4473  1157.47      .08      .09      .91    -3.83     1.00    68.58    -9.00      .00
   3.6400  -5.4507  1081.82      .08     1.00      .00   -10.92     1.00   -76.58     3.17      .00
   3.6406  -5.4584  1053.81      .12      .01      .99    -5.94     2.00   -43.72    30.91      .00
   3.6397  -5.4473  1106.98      .08      .46      .54    -7.23     2.00   -89.07    -8.98      .00
   3.6425  -5.4562  1201.55      .10      .14      .86    -4.15     2.00    58.77    23.18      .00
   3.6422  -5.4563  1260.51      .11      .06      .94    -4.95     2.00    45.30    23.37      .00
   3.6434  -5.4536  1324.79      .09      .87      .13   -12.39     2.00   107.49    13.80      .00
   3.6425  -5.4583  1330.14      .11      .00     1.00    -6.65     2.00    57.38    30.48      .00
   3.6395  -5.4524  1028.33      .08     1.00      .00   -13.57     2.00  -100.51     9.25      .00
   3.6431  -5.4524  1296.62      .08      .95      .05   -10.31     2.00    90.95     9.50      .00
   3.6431  -5.4552  1227.68      .09      .08      .92    -4.33     2.00    94.41    19.32      .00
   3.6403  -5.4572  1235.35      .10      .10      .90    -4.53     2.00   -58.13    26.57      .00
   3.6409  -5.4601  1168.87      .14      .23      .77    -4.26     2.00   -26.03    37.18      .00
   3.6430  -5.4476  1145.43      .08      .10      .90    -4.37     2.00    84.63    -7.81      .00
   3.6422  -5.4418  1285.67      .12      .02      .98    -5.41     2.00    43.24   -28.63      .00
   3.6403  -5.4412  1093.06      .11      .04      .96    -5.14     2.00   -60.76   -30.81      .00
   3.6424  -5.4419  1273.30      .11      .04      .96    -5.19     2.00    53.13   -28.27      .00
   3.6401  -5.4412  1097.74      .10      .04      .96    -5.07     2.00   -70.63   -30.93      .00
   3.6429  -5.4529  1255.42      .08      .15      .85    -6.01     2.00    82.45    11.21      .00
   3.6422  -5.4581  1181.57      .12      .19      .81    -4.19     2.00    45.38    29.98      .00
   3.6399  -5.4441   983.11      .09      .00     1.00   -11.37     2.00   -78.28   -20.67      .00
   3.6408  -5.4402  1071.47      .13      .02      .98    -5.49     2.00   -30.15   -34.64      .00
   3.6401  -5.4424  1016.97      .10      .00     1.00    -7.74     2.00   -69.60   -26.70      .00
   3.6431  -5.4481  1297.43      .08     1.00      .00   -10.43     2.00    91.93    -6.15      .00
   3.6426  -5.4412  1260.08      .10      .05      .95    -4.94     2.00    66.48   -31.08      .00
   3.6436  -5.4474  1331.50      .09     1.00      .00   -13.12     2.00   117.47    -8.73      .00
   3.6404  -5.4415  1125.83      .11      .10      .90    -4.58     2.00   -52.53   -29.82      .00
   3.6435  -5.4496  1425.92      .08     1.00      .00   -24.78     2.00   115.11     -.55      .00
   3.6397  -5.4486  1103.44      .08     1.00      .00    -8.18     2.00   -90.28    -4.33      .00
   3.6403  -5.4570  1050.50      .10      .01      .99    -6.27     2.00   -57.22    26.03      .00
   3.6434  -5.4461  1177.33      .08      .07      .93    -3.44     2.00   105.91   -13.34      .00
   3.6398  -5.4531  1150.50      .08      .08      .92    -3.95     2.00   -86.88    11.87      .00
   3.6394  -5.4466  1138.37      .08      .11      .89    -4.59     2.00  -107.50   -11.68      .00
   3.6430  -5.4434  1386.89      .09      .00     1.00   -11.89     2.00    87.69   -23.05      .00
   3.6405  -5.4583  1073.93      .12      .02      .98    -5.50     2.00   -46.19    30.77      .00
   3.6395  -5.4512  1095.18      .08     1.00      .00    -8.58     2.00  -100.05     5.06      .00
   3.6408  -5.4408  1002.54      .13      .00     1.00    -7.25     2.00   -34.11   -32.53      .00
   3.6381  -5.4461  1149.30      .18      .37      .63    -4.81     3.00  -179.07   -13.31      .00
   3.6416  -5.4630  1167.29      .16      .21      .79    -4.12     3.00     9.29    47.43      .00
   3.6420  -5.4603  1278.79      .13      .06      .94    -5.45     3.00    35.45    37.92      .00
   3.6433  -5.4375  1241.11      .14      .13      .87    -4.61     3.00   100.57   -44.16      .00
   3.6411  -5.4334  1379.24      .19      .00     1.00    -9.19     3.00   -17.58   -58.88      .00
   3.6432  -5.4634  1384.30      .15      .01      .99   -11.20     3.00   100.15    49.11      .00
   3.6398  -5.4652   981.89      .17      .00     1.00   -10.24     3.00   -83.83    55.41      .00
   3.6407  -5.4377  1228.74      .14      .15      .85    -4.40     3.00   -35.12   -43.40      .00
   3.6432  -5.4596  1385.90      .11      .02      .98   -12.79     3.00    96.88    35.33      .00
   3.6430  -5.4687  1222.42      .23      .25      .75    -4.29     3.00    86.83    68.09      .00
   3.6437  -5.4518  1362.01      .09     1.00      .00   -14.54     3.00   125.65     7.27      .00
   3.6397  -5.4264  1174.92      .35      .43      .57    -3.99     3.00   -88.42   -84.25      .00
   3.6420  -5.4336  1201.31      .18      .23      .77    -4.12     3.00    35.22   -58.38      .00
   3.6396  -5.4416   987.41      .10      .07      .93   -13.14     3.00   -95.08   -29.41      .00
   3.6418  -5.4629  1279.31      .15      .07      .93    -5.43     3.00    22.44    47.02      .00
   3.6405  -5.4658  1209.73      .18      .21      .79    -4.18     3.00   -45.64    57.50      .00
   3.6398  -5.4629  1122.54      .14      .13      .87    -4.60     3.00   -84.50    47.32      .00
   3.6415  -5.4660  1032.28      .18      .02      .98    -7.10     3.00     8.67    58.25      .00
   3.6390  -5.4326   895.58      .24      .00     1.00   -18.41     3.00  -126.84   -61.77      .00
   3.6386  -5.4665  1108.51      .27      .23      .77    -5.03     3.00  -149.58    60.01      .00
   3.6403  -5.4397  1067.76      .12      .04      .96    -6.10     3.00   -56.09   -36.29      .00
   3.6385  -5.4357  1099.25      .23      .21      .79    -5.46     3.00  -156.30   -50.80      .00
   3.6429  -5.4622  1278.43      .13      .07      .93    -5.59     3.00    80.21    44.60      .00
   3.6421  -5.4388  1241.44      .13      .12      .88    -4.60     3.00    38.24   -39.70      .00
   3.6426  -5.4623  1301.83      .13      .04      .96    -6.28     3.00    63.34    44.95      .00
   3.6422  -5.4390  1236.22      .13      .12      .88    -4.51     3.00    44.58   -38.94      .00
   3.6400  -5.4384  1019.58      .12      .01      .99    -8.35     3.00   -72.16   -40.87      .00
   3.6423  -5.4366  1264.29      .14      .09      .91    -5.09     3.00    46.97   -47.47      .00
   3.6409  -5.4373  1242.17      .15      .13      .87    -4.62     3.00   -25.49   -44.98      .00
   3.6393  -5.4438  1038.44      .10      .81      .19   -11.22     3.00  -113.25   -21.47      .00
   3.6414  -5.4718  1138.43      .29      .31      .69    -4.35     3.00    -1.44    79.27      .00
   3.6408  -5.4353  1057.83      .16      .04      .96    -6.23     3.00   -30.09   -52.30      .00
   3.6403  -5.4613  1180.78      .13      .16      .84    -4.03     3.00   -56.06    41.39      .00
   3.6435  -5.4367  1362.62      .15      .02      .98   -10.29     3.00   112.23   -47.06      .00
   3.6442  -5.4585  1084.64      .15      .33      .67    -7.02     3.00   148.92    31.25      .00
   3.6410  -5.4352  1248.63      .17      .14      .86    -4.74     3.00   -20.77   -52.53      .00
   3.6406  -5.4752  1047.39      .39      .08      .92    -6.83     3.00   -42.25    91.37      .00
   3.6409  -5.4606  1197.31      .14      .18      .82    -4.11     3.00   -28.55    38.74      .00
   3.6395  -5.4573  1000.25      .10      .19      .81   -12.95     3.00   -99.29    26.97      .00
