0.106872004951 0.106768297028 1
0.991930223503 0.991945518983 2
0.105955487462 0.10569228682 3
0.369881484308 0.371586689938 4
0.0775326728221 0.0775332913668 5
0.921922485493 0.922161609933 6
0.113859869575 0.113765716524 7
0.0845681226245 0.0845033361063 8
0.102937649666 0.102964270247 9
0.105017620037 0.105234803437 10
0.355886359873 0.357504513176 11
0.163448596883 0.163979855019 12
0.160190070131 0.160798893923 13
0.0778913238784 0.0778618120392 14
0.116738600774 0.11670036151 15
0.155336777477 0.155839526849 16
0.258642181625 0.259861936876 17
0.0838387314503 0.0839064056555 18
0.0881105760155 0.0880226932752 19
0.110562609202 0.110597390201 20
0.0827632724775 0.0827277012107 21
0.0995521523295 0.0997143885396 22
0.118616287959 0.118824081735 23
0.115935382233 0.116265008902 24
0.0970034365548 0.097214181634 25
0.0809561349305 0.0809300055805 26
0.124975623248 0.125098270689 27
0.14848498018 0.148846528328 28
0.364459005183 0.365848623048 29
0.0876979181844 0.0875818804145 30
0.162260970943 0.162781389539 31
0.124204682928 0.124604908834 32
0.0883747241027 0.0885082717422 33
0.24179679 0.243017485227 34
0.10269214738 0.102847488407 35
0.085966350333 0.0859361341744 36
0.127647963902 0.127755483759 37
0.0832033400765 0.0831964067804 38
0.0825367318644 0.0825056396467 39
0.0976203469729 0.097624447785 40
0.136194467205 0.13653123185 41
0.0875588429855 0.0875796667206 42
0.0834323445297 0.0835241825098 43
0.11410446884 0.114055107419 44
0.0960453915908 0.0961519860579 45
0.0935104446254 0.0935873108737 46
0.111273767682 0.111613469341 47
0.079170507159 0.0791671417574 48
0.0810281452312 0.0809775460601 49
0.123696881774 0.123865414872 50
0.130268844314 0.130750566626 51
0.105328181669 0.105064508859 52
0.136275153269 0.136810179953 53
0.131991746489 0.13204470973 54
0.163344907712 0.16390024637 55
0.076477514406 0.0764884351486 56
0.102113301495 0.102372399019 57
0.0971746506898 0.0973970889365 58
0.0945344818261 0.0943575477952 59
0.0782198302517 0.0782417708562 60
0.126989022041 0.127450266583 61
0.165605269061 0.166319404167 62
0.11022010528 0.110156841575 63
0.0997862194285 0.100013003743 64
0.170008122709 0.170583595421 65
0.160200761687 0.160752222085 66
0.262145457687 0.263468977375 67
0.0883061904632 0.0883954891963 68
0.117579471534 0.117747234212 69
0.0881395841645 0.0882519311116 70
0.127607398774 0.127664082163 71
0.0913563499052 0.0912528655231 72
0.114512239594 0.114402858345 73
0.100577340601 0.100366053616 74
0.107598561793 0.107775050751 75
0.0916049858736 0.0916774378748 76
0.103929837146 0.10387013804 77
0.102672075022 0.10287796885 78
0.171803771565 0.17241085121 79
0.2512329757 0.252499514939 80
0.0801468429324 0.0801218925554 81
0.101261242291 0.101032712964 82
0.129084077088 0.129542435666 83
0.0927719178416 0.0929015434229 84
0.180395732078 0.180841357303 85
0.156942101383 0.157229423151 86
0.0815088568054 0.081505023766 87
0.0783833703852 0.0784268669609 88
0.125606797238 0.125896740524 89
0.105979783189 0.105740945112 90
0.111506204278 0.111677594769 91
0.108491079994 0.108656000998 92
0.108690725124 0.108645452556 93
0.0864482699352 0.0865073460439 94
0.0771794976065 0.0771676112187 95
0.0928655851298 0.0930112101987 96
0.10903379659 0.108823946546 97
0.103104930998 0.103320681644 98
0.117502156954 0.11784184192 99
0.17827101084 0.179097257353 100
0.110474612162 0.110796090414 101
0.129415681073 0.129453142053 102
0.096115527866 0.0960454489636 103
0.0889851936032 0.0891223303107 104
0.105792623503 0.105858515736 105
0.0951535327764 0.0949843293598 106
0.135947984004 0.136117255653 107
0.114680905346 0.114984166284 108
0.0965519441048 0.0964524088904 109
0.0879763544636 0.0880912170883 110
0.156416514486 0.15688143747 111
0.171312818896 0.172063109094 112
0.0976755299575 0.0975548784145 113
0.187535513409 0.188316744994 114
0.102350157471 0.102558393309 115
0.0890292316023 0.0891125092904 116
0.0831892977062 0.0831286906399 117
0.0950231585292 0.0950714670269 118
0.0834359822055 0.0833531578852 119
0.29502753584 0.296490963937 120
0.10035840818 0.100138691664 121
0.124489563025 0.124633842013 122
0.0872197358809 0.0873458730136 123
0.124346374865 0.124672251533 124
0.104359983775 0.104136434177 125
0.0883669872889 0.0884125735898 126
0.100092967474 0.100338999962 127
0.111657835967 0.111718217878 128
0.0824487532907 0.0823793309564 129
0.133324607431 0.133441851068 130
0.145912804461 0.146289481198 131
0.161527584972 0.162034998533 132
0.140961618325 0.141433180484 133
0.107999561588 0.108066993235 134
0.0926331848624 0.0928055880563 135
0.135283492514 0.135543135309 136
0.0972281594951 0.0971095566775 137
0.108609334494 0.108782532546 138
0.12461933848 0.124915514735 139
0.0966868138756 0.0964943464682 140
0.160760634261 0.161244087594 141
0.105893236881 0.106065689114 142
0.0963252358434 0.0961452848726 143
0.096249195978 0.0960793734053 144
0.0974744716786 0.0975899496385 145
0.146777084333 0.147240771999 146
0.0757134475883 0.0757220701377 147
0.111942816352 0.112275027426 148
0.187998033112 0.188756189335 149
0.0783139662458 0.0783524750522 150
0.102956570186 0.103111920347 151
0.160323840353 0.160826042802 152
0.0823540909456 0.0822751647579 153
0.10987728298 0.110001288799 154
0.0819578917343 0.0820265557116 155
0.0809288798529 0.0808673937441 156
0.111106435293 0.111128425718 157
0.121130858334 0.121449815098 158
0.0997396059805 0.0995238831524 159
0.0776183719325 0.0775833111984 160
0.0912810564147 0.0914460450836 161
0.104638659909 0.104385824707 162
0.785078421687 0.785719502385 163
0.148983839003 0.149294589102 164
0.108540203734 0.108712388062 165
0.0857750642355 0.085872096443 166
0.093619402689 0.0938003016485 167
0.0834510776128 0.0834145374951 168
0.0965013413733 0.0964217245187 169
0.0953501958772 0.0952377883534 170
0.0767698492675 0.0767970491392 171
0.119829228691 0.119819708823 172
0.0918704426914 0.0919479094168 173
0.0907225715061 0.0906219756113 174
0.0973286453213 0.0972859996309 175
0.102711056797 0.102498534808 176
0.0855481109328 0.0855803697435 177
0.124136726149 0.124249132736 178
0.0808045202145 0.0808709693435 179
0.0898359356762 0.0897692643822 180
0.130010786284 0.130477728538 181
0.132347215978 0.13285896495 182
0.102312485372 0.10247864836 183
0.152483898869 0.152850954962 184
0.0985767142098 0.0985843729914 185
0.167965960367 0.168594350617 186
0.146592123106 0.147150457456 187
0.161265045378 0.161952656034 188
0.091158573068 0.0910421647261 189
0.0986099234313 0.098706198452 190
0.115728779252 0.115591751792 191
0.0763726483747 0.0763956343082 192
0.0794639512142 0.0794548367182 193
