   3.6424  -5.4513   989.61      .09     1.00      .00    -9.19     1.00    55.26     5.37      .00
   3.6423  -5.4497  1029.13      .10     1.00      .00    -8.23     1.00    47.20     -.45      .00
   3.6406  -5.4519  1283.31      .11      .21      .79    -5.78     1.00   -44.37     7.49      .00
   3.6426  -5.4507  1259.73      .08     1.00      .00    -7.36     1.00    63.43     3.28      .00
   3.6425  -5.4476  1363.40      .09      .97      .03    -8.93     1.00    57.92    -8.00      .00
   3.6425  -5.4464  1061.47      .09      .17      .83    -6.02     1.00    58.50   -12.34      .00
   3.6402  -5.4528  1203.51      .09      .05      .95    -4.07     1.00   -61.66    10.69      .00
   3.6426  -5.4506  1179.14      .08      .01      .99    -2.80     1.00    65.37     2.87      .00
   3.6422  -5.4513  1240.86      .11      .11      .89    -4.78     1.00    44.85     5.53      .00
   3.6424  -5.4508  1079.46      .09     1.00      .00    -7.53     1.00    53.41     3.51      .00
   3.6426  -5.4526  1306.67      .08      .33      .67    -6.83     1.00    63.24    10.06      .00
   3.6404  -5.4523  1169.62      .09      .06      .94    -4.00     1.00   -53.88     9.01      .00
   3.6426  -5.4473  1264.80      .08      .14      .86    -5.47     1.00    63.50    -8.96      .00
   3.6427  -5.4507  1298.08      .08     1.00      .00    -7.88     1.00    71.52     3.14      .00
   3.6422  -5.4459  1361.11      .11      .18      .82    -6.95     1.00    42.97   -14.05      .00
   3.6400  -5.4493  1103.75      .08     1.00      .00    -7.44     1.00   -72.60    -1.71      .00
   3.6404  -5.4541  1038.37      .10      .14      .86    -6.10     1.00   -50.44    15.54      .00
   3.6427  -5.4501  1238.18      .08     1.00      .00    -7.25     1.00    72.60     1.14      .00
   3.6423  -5.4487  1161.55      .10      .04      .96    -3.65     1.00    47.66    -3.89      .00
   3.6405  -5.4493  1057.62      .10     1.00      .00    -7.74     1.00   -47.37    -1.75      .00
   3.6427  -5.4504  1237.09      .08     1.00      .00    -7.22     1.00    69.03     2.13      .00
   3.6401  -5.4495  1073.98      .08     1.00      .00    -7.77     1.00   -71.15    -1.25      .00
   3.6426  -5.4489  1212.68      .08      .07      .93    -4.39     1.00    63.46    -3.29      .00
   3.6423  -5.4503  1275.28      .10     1.00      .00    -7.35     1.00    48.54     1.88      .00
   3.6401  -5.4507  1108.26      .08     1.00      .00    -7.36     1.00   -67.74     3.30      .00
   3.6425  -5.4514  1106.44      .08      .28      .72    -6.06     1.00    61.50     5.92      .00
   3.6405  -5.4482  1150.44      .10      .06      .94    -4.04     1.00   -48.64    -5.90      .00
   3.6404  -5.4467  1128.51      .09      .08      .92    -4.51     1.00   -52.95   -11.29      .00
   3.6403  -5.4506  1023.18      .09     1.00      .00    -8.52     1.00   -59.84     2.76      .00
   3.6426  -5.4507  1283.61      .08     1.00      .00    -7.64     1.00    64.98     3.39      .00
   3.6406  -5.4464  1229.14      .11      .10      .90    -4.50     1.00   -44.10   -12.41      .00
   3.6424  -5.4523  1206.32      .09      .06      .94    -4.09     1.00    52.45     8.95      .00
   3.6401  -5.4492   975.78      .08     1.00      .00    -9.67     1.00   -69.29    -1.99      .00
   3.6405  -5.4487  1037.70      .10     1.00      .00    -8.09     1.00   -48.32    -4.00      .00
   3.6424  -5.4554  1175.98      .10      .32      .68    -3.86     2.00    54.92    20.17      .00
   3.6399  -5.4516  1057.15      .08      .00     1.00   -20.20     2.00   -79.55     6.66      .00
   3.6406  -5.4444  1119.28      .11      .00     1.00    -4.76     2.00   -44.62   -19.60      .00
   3.6428  -5.4517  1156.53      .08      .04      .96    -3.80     2.00    77.82     7.01      .00
   3.6400  -5.4531  1064.05      .08      .00     1.00    -8.55     2.00   -72.17    11.70      .00
   3.6425  -5.4535  1340.09      .09      .00     1.00    -9.75     2.00    62.16    13.18      .00
   3.6403  -5.4554  1190.45      .10      .29      .71    -3.89     2.00   -57.19    20.32      .00
   3.6398  -5.4506  1174.28      .08      .06      .94    -2.58     2.00   -87.04     2.93      .00
   3.6400  -5.4472  1006.71      .08      .00     1.00   -19.91     2.00   -74.37    -9.28      .00
   3.6428  -5.4476  1368.70      .08      .00     1.00   -29.49     2.00    77.30    -7.94      .00
   3.6425  -5.4448  1244.52      .09      .00     1.00    -4.74     2.00    62.34   -17.89      .00
   3.6401  -5.4465  1189.89      .08      .19      .81    -3.59     2.00   -68.63   -11.98      .00
   3.6405  -5.4563  1261.82      .11      .00     1.00    -5.01     2.00   -45.71    23.39      .00
   3.6428  -5.4495  1308.98      .08     1.00      .00   -52.75     2.00    73.63    -1.24      .00
   3.6429  -5.4485  1169.45      .08      .08      .92    -3.08     2.00    79.21    -4.85      .00
   3.6399  -5.4484  1105.08      .08      .00     1.00   -13.51     2.00   -80.11    -5.17      .00
   3.6404  -5.4556  1261.43      .10      .00     1.00    -5.04     2.00   -55.03    20.81      .00
   3.6400  -5.4468  1085.76      .08      .00     1.00    -7.34     2.00   -72.24   -10.74      .00
   3.6407  -5.4565  1145.17      .12      .02      .98    -4.54     2.00   -37.80    24.28      .00
   3.6401  -5.4452  1134.77      .09      .00     1.00    -4.45     2.00   -68.74   -16.73      .00
   3.6398  -5.4492   994.97      .08     1.00      .00  -108.75     2.00   -86.97    -2.15      .00
   3.6402  -5.4545  1116.44      .09      .00     1.00    -4.82     2.00   -61.15    17.00      .00
   3.6427  -5.4518  1243.87      .08      .00     1.00    -6.16     2.00    70.87     7.35      .00
   3.6398  -5.4486  1036.32      .08      .00     1.00   -60.46     2.00   -84.28    -4.38      .00
   3.6400  -5.4498  1079.84      .08     1.00      .00   -36.07     2.00   -73.39      .00      .00
   3.6401  -5.4451  1003.39      .09      .00     1.00   -10.31     2.00   -69.51   -16.78      .00
   3.6403  -5.4548  1165.77      .09      .17      .83    -3.99     2.00   -59.58    18.10      .00
   3.6429  -5.4520  1474.65      .08      .00     1.00   -76.60     2.00    81.03     7.74      .00
   3.6425  -5.4538  1304.58      .09      .00     1.00    -6.86     2.00    57.71    14.48      .00
   3.6422  -5.4565  1240.63      .11      .00     1.00    -4.73     2.00    42.37    24.04      .00
   3.6426  -5.4549  1237.01      .09      .00     1.00    -4.60     2.00    64.38    18.27      .00
   3.6403  -5.4432  1137.62      .10      .11      .89    -4.44     3.00   -58.75   -23.71      .00
   3.6425  -5.4415  1317.98      .10      .00     1.00    -6.10     3.00    61.04   -29.71      .00
   3.6428  -5.4543  1408.32      .08      .00     1.00   -13.80     3.00    73.34    16.33      .00
   3.6425  -5.4568  1294.45      .10      .00     1.00    -5.61     3.00    58.46    25.33      .00
   3.6405  -5.4563  1272.60      .11      .02      .98    -5.15     3.00   -49.11    23.38      .00
   3.6426  -5.4563  1387.12      .09      .00     1.00    -9.16     3.00    66.88    23.42      .00
   3.6431  -5.4510  1300.50      .08     1.00      .00   -11.85     3.00    92.22     4.31      .00
   3.6424  -5.4585  1280.60      .11      .01      .99    -5.26     3.00    52.29    31.43      .00
   3.6424  -5.4412  1179.46      .11      .22      .78    -4.23     3.00    52.17   -30.79      .00
   3.6404  -5.4425   844.99      .11      .00     1.00   -14.54     3.00   -51.00   -26.19      .00
   3.6405  -5.4561  1187.50      .10      .19      .81    -4.18     3.00   -49.97    22.77      .00
   3.6429  -5.4457  1355.04      .08      .00     1.00   -11.42     3.00    81.20   -14.84      .00
   3.6427  -5.4443  1257.68      .09      .03      .97    -4.97     3.00    72.67   -19.71      .00
   3.6398  -5.4465   986.46      .08      .03      .97   -18.35     3.00   -84.25   -11.78      .00
   3.6425  -5.4579  1314.68      .10      .00     1.00    -6.02     3.00    59.79    29.08      .00
   3.6401  -5.4434  1101.34      .09      .03      .97    -5.02     3.00   -68.24   -23.02      .00
   3.6422  -5.4569  1338.01      .11      .00     1.00    -6.53     3.00    46.12    25.61      .00
   3.6428  -5.4451  1240.56      .08      .06      .94    -4.62     3.00    77.57   -16.87      .00
   3.6406  -5.4575  1177.19      .11      .22      .78    -4.23     3.00   -44.49    27.70      .00
   3.6400  -5.4438  1176.24      .09      .14      .86    -4.04     3.00   -73.10   -21.55      .00
   3.6393  -5.4517  1220.62      .08      .23      .77    -5.18     3.00  -112.40     6.95      .00
   3.6429  -5.4556  1251.02      .09      .04      .96    -4.83     3.00    81.60    20.74      .00
   3.6406  -5.4430  1212.35      .12      .18      .82    -4.36     3.00   -40.29   -24.60      .00
   3.6396  -5.4470  1075.15      .08      .43      .57    -9.93     3.00   -93.81    -9.97      .00
   3.6395  -5.4531  1113.90      .08      .11      .89    -5.80     3.00  -100.45    11.84      .00
   3.6406  -5.4574   988.80      .12      .00     1.00    -7.46     3.00   -40.71    27.44      .00
   3.6427  -5.4423  1267.39      .10      .02      .98    -5.09     3.00    72.54   -26.90      .00
   3.6430  -5.4439  1228.42      .09      .08      .92    -4.37     3.00    84.29   -21.24      .00
   3.6422  -5.4416  1159.75      .11      .20      .80    -4.31     3.00    46.33   -29.53      .00
   3.6433  -5.4538  1261.54      .08      .08      .92    -6.06     3.00   103.49    14.27      .00
   3.6401  -5.4566  1001.43      .09      .00     1.00    -8.03     3.00   -69.06    24.54      .00
   3.6421  -5.4427  1316.22      .12      .00     1.00    -5.92     3.00    36.98   -25.52      .00
   3.6430  -5.4486  1229.73      .08      .90      .10    -6.96     3.00    89.25    -4.16      .00
   3.6392  -5.4521  1265.59      .09      .53      .47    -6.73     4.00  -117.46     8.43      .00
   3.6424  -5.4593  1173.02      .12      .16      .84    -4.72     4.00    52.27    34.15      .00
   3.6401  -5.4591  1189.39      .11      .14      .86    -4.67     4.00   -67.74    33.66      .00
   3.6398  -5.4433   923.51      .09      .06      .94    -9.06     4.00   -86.97   -23.38      .00
   3.6390  -5.4468  1202.31      .10      .05      .95    -3.75     4.00  -129.45   -10.74      .00
   3.6400  -5.4406  1068.47      .11      .09      .91    -5.25     4.00   -76.41   -33.18      .00
   3.6394  -5.4565   944.59      .10      .15      .85    -9.15     4.00  -108.37    24.06      .00
   3.6436  -5.4482  1341.89      .09     1.00      .00    -8.78     4.00   118.01    -5.61      .00
   3.6430  -5.4411  1331.26      .10      .07      .93    -5.75     4.00    84.11   -31.27      .00
   3.6398  -5.4430  1282.53      .09      .09      .91    -5.13     4.00   -83.59   -24.59      .00
   3.6392  -5.4466  1133.98      .09      .08      .92    -4.43     4.00  -118.95   -11.60      .00
   3.6403  -5.4399   995.27      .12      .05      .95    -6.12     4.00   -57.34   -35.75      .00
   3.6392  -5.4489  1148.82      .09      .43      .57    -6.10     4.00  -117.43    -3.24      .00
   3.6421  -5.4592  1278.54      .13      .13      .87    -5.12     4.00    37.28    33.98      .00
   3.6438  -5.4493  1387.64      .09     1.00      .00    -9.98     4.00   128.41    -1.62      .00
   3.6425  -5.4588  1393.51      .11      .03      .97    -6.56     4.00    59.64    32.31      .00
   3.6399  -5.4586  1242.02      .10      .12      .88    -4.79     4.00   -78.46    31.86      .00
   3.6436  -5.4496  1218.78      .09     1.00      .00    -6.94     4.00   118.78     -.68      .00
   3.6401  -5.4410   978.13      .10      .04      .96    -6.53     4.00   -68.41   -31.75      .00
   3.6401  -5.4578  1015.99      .10      .06      .94    -5.96     4.00   -69.99    28.80      .00
   3.6399  -5.4408  1066.23      .10      .09      .91    -5.28     4.00   -81.67   -32.35      .00
   3.6420  -5.4596  1138.65      .13      .18      .82    -4.84     4.00    30.62    35.44      .00
   3.6403  -5.4602  1071.85      .12      .11      .89    -5.22     4.00   -57.09    37.31      .00
   3.6420  -5.4600  1459.30      .13      .01      .99    -7.39     4.00    31.68    36.87      .00
   3.6391  -5.4497  1008.74      .09     1.00      .00    -9.08     4.00  -124.97     -.43      .00
   3.6395  -5.4558  1134.27      .09      .09      .91    -4.52     4.00   -98.73    21.44      .00
   3.6419  -5.4605  1049.41      .14      .10      .90    -5.43     4.00    25.25    38.60      .00
   3.6399  -5.4581  1133.73      .10      .12      .88    -4.72     4.00   -78.29    30.01      .00
   3.6430  -5.4422  1191.35      .10      .11      .89    -4.54     4.00    84.33   -27.34      .00
   3.6420  -5.4608  1351.02      .13      .06      .94    -5.82     4.00    34.40    39.57      .00
   3.6393  -5.4537  1114.02      .09      .10      .90    -4.84     4.00  -112.88    14.21      .00
   3.6408  -5.4379  1164.93      .14      .30      .70    -4.37     5.00   -29.61   -42.69      .00
   3.6419  -5.4364  1355.68      .15      .00     1.00    -6.35     5.00    27.46   -48.36      .00
   3.6403  -5.4374  1225.27      .13      .00     1.00    -4.76     5.00   -59.27   -44.48      .00
   3.6415  -5.4629  1151.82      .16      .04      .96    -4.76     5.00     5.90    47.25      .00
   3.6427  -5.4380  1431.80      .13      .00     1.00    -8.73     5.00    71.48   -42.47      .00
   3.6390  -5.4398  1015.37      .13      .00     1.00    -7.49     5.00  -126.96   -36.17      .00
   3.6439  -5.4420  1244.29      .13      .00     1.00    -4.79     5.00   136.37   -28.16      .00
   3.6443  -5.4471  1333.86      .13      .00     1.00   -33.58     5.00   157.74    -9.87      .00
   3.6399  -5.4383   974.80      .12      .00     1.00    -7.57     5.00   -78.28   -41.57      .00
   3.6404  -5.4383  1187.75      .13      .52      .48    -3.92     5.00   -53.77   -41.55      .00
   3.6410  -5.4615  1111.09      .15      .00     1.00    -5.00     5.00   -19.86    42.21      .00
   3.6409  -5.4381  1081.31      .14      .00     1.00    -5.27     5.00   -24.45   -42.11      .00
   3.6418  -5.4375  1221.69      .15      .00     1.00    -4.81     5.00    21.63   -44.15      .00
   3.6435  -5.4408  1420.63      .11      .00     1.00   -10.66     5.00   111.94   -32.47      .00
   3.6434  -5.4411  1296.14      .11      .00     1.00    -5.75     5.00   106.46   -31.27      .00
   3.6427  -5.4387  1245.56      .12      .00     1.00    -4.85     5.00    72.07   -39.93      .00
   3.6389  -5.4571  1085.61      .12      .00     1.00    -5.75     5.00  -131.82    26.27      .00
   3.6425  -5.4614  1171.98      .13      .44      .56    -4.06     5.00    59.92    41.68      .00
   3.6399  -5.4622  1194.38      .13      .39      .61    -4.10     5.00   -80.97    44.62      .00
   3.6400  -5.4387  1171.89      .12      .41      .59    -4.06     5.00   -72.80   -40.13      .00
   3.6421  -5.4625  1178.22      .14      .58      .42    -3.85     5.00    36.94    45.77      .00
   3.6403  -5.4614   923.63      .13      .00     1.00    -8.77     5.00   -58.51    41.65      .00
   3.6426  -5.4363  1347.47      .14      .00     1.00    -6.32     5.00    62.74   -48.69      .00
   3.6405  -5.4620  1036.98      .13      .00     1.00    -5.90     5.00   -49.77    43.93      .00
   3.6415  -5.4371  1067.56      .16      .00     1.00    -5.44     5.00     5.78   -45.86      .00
   3.6435  -5.4596  1258.10      .12      .00     1.00    -4.97     5.00   111.93    35.26      .00
   3.6446  -5.4521  1284.70      .16      .00     1.00   -25.30     5.00   171.82     8.41      .00
   3.6420  -5.4611  1212.67      .14      .03      .97    -4.72     5.00    34.33    40.54      .00
   3.6423  -5.4630  1302.80      .14      .00     1.00    -5.53     5.00    47.83    47.66      .00
   3.6429  -5.4611  1407.05      .12      .00     1.00    -8.21     5.00    82.00    40.63      .00
   3.6405  -5.4641  1014.01      .15      .00     1.00    -6.31     5.00   -50.13    51.62      .00
   3.6416  -5.4284  1205.54      .27      .44      .56    -4.16     6.00    10.11   -76.86      .00
   3.6395  -5.4372  1232.54      .14      .09      .91    -4.54     6.00   -98.96   -45.49      .00
   3.6483  -5.4946  1198.66      .50      .67      .33    -3.80     6.00   371.50   161.21      .00
   3.6399  -5.4641  1004.01      .15      .00     1.00    -7.54     6.00   -82.53    51.32      .00
   3.6419  -5.4341  1231.97      .18      .13      .87    -4.62     6.00    28.19   -56.52      .00
   3.6402  -5.4698  1203.48      .25      .41      .59    -4.13     6.00   -66.27    71.95      .00
   3.6407  -5.4332  1378.37      .19      .00     1.00    -7.68     6.00   -34.59   -59.82      .00
   3.6417  -5.4654  1118.42      .18      .06      .94    -4.83     6.00    16.15    56.13      .00
   3.6441  -5.4654  1392.03      .24      .00     1.00   -10.11     6.00   146.54    56.02      .00
   3.6399  -5.4656   969.07      .17      .00     1.00    -8.73     6.00   -81.28    56.80      .00
   3.6423  -5.4272  1239.20      .31      .17      .83    -4.81     6.00    46.50   -81.27      .00
   3.6425  -5.4645  1163.98      .16      .30      .70    -4.17     6.00    58.52    53.03      .00
   3.6403  -5.4223  1040.46      .47      .00     1.00    -6.63     6.00   -59.88   -98.90      .00
   3.6397  -5.4339   991.91      .18      .00     1.00    -7.98     6.00   -90.16   -57.39      .00
   3.6422  -5.4686  1189.06      .22      .44      .56    -4.04     6.00    42.58    67.74      .00
   3.6402  -5.4708  1146.94      .27      .34      .66    -4.35     6.00   -62.11    75.68      .00
   3.6386  -5.4586   943.68      .15      .00     1.00   -17.98     6.00  -150.68    31.80      .00
   3.6398  -5.4287  1078.92      .29      .00     1.00    -5.59     6.00   -83.65   -76.03      .00
   3.6428  -5.4339  1466.24      .17      .00     1.00   -11.93     6.00    77.47   -57.11      .00
   3.6391  -5.4646  1054.40      .19      .00     1.00    -6.33     6.00  -125.43    53.43      .00
   3.6403  -5.4654  1095.78      .17      .01      .99    -5.15     6.00   -56.19    56.11      .00
   3.6383  -5.4710  1146.74      .43      .48      .52    -4.24     6.00  -164.51    76.45      .00
   3.6410  -5.4331  1182.12      .19      .40      .60    -4.08     6.00   -18.88   -60.11      .00
   3.6420  -5.4350  1237.78      .16      .09      .91    -4.70     6.00    35.19   -53.11      .00
   3.6444  -5.4563  1518.80      .16      .00     1.00   -54.42     6.00   164.18    23.37      .00
   3.6414  -5.4715  1177.27      .28      .52      .48    -3.97     6.00     1.59    78.16      .00
   3.6431  -5.4629  1299.04      .14      .00     1.00    -5.84     6.00    91.71    47.22      .00
   3.6405  -5.4644   963.00      .16      .00     1.00    -8.58     6.00   -48.14    52.58      .00
   3.6421  -5.4337  1400.17      .18      .00     1.00    -8.42     6.00    36.15   -57.78      .00
   3.6416  -5.4727  1204.45      .31      .49      .51    -4.11     6.00    11.08    82.51      .00
   3.6389  -5.4610  1172.58      .16      .26      .74    -3.90     6.00  -136.23    40.24      .00
   3.6376  -5.4640  1009.07      .37      .00     1.00   -10.27     6.00  -202.87    51.00      .00
   3.6412  -5.4347  1058.20      .17      .00     1.00    -5.77     6.00   -10.26   -54.37      .00
