   3.6403  -5.4497  1053.97      .09     1.00      .00   -10.39     1.00   -59.36     -.32      .00
   3.6424  -5.4460   964.51      .09     1.00      .00   -17.56     1.00    56.92   -13.58      .00
   3.6422  -5.4456  1118.96      .11      .12      .88    -5.01     1.00    44.24   -15.26      .00
   3.6404  -5.4524  1095.03      .09      .65      .35    -7.78     1.00   -55.09     9.34      .00
   3.6425  -5.4478  1245.96      .09      .42      .58    -6.20     1.00    60.16    -7.32      .00
   3.6405  -5.4488  1168.80      .10      .07      .93    -3.63     1.00   -48.89    -3.66      .00
   3.6425  -5.4493  1242.51      .09     1.00      .00    -6.97     1.00    58.26    -1.95      .00
   3.6427  -5.4494  1158.13      .08     1.00      .00    -6.61     1.00    72.94    -1.36      .00
   3.6403  -5.4503  1163.53      .09      .98      .02    -6.42     1.00   -58.25     1.82      .00
   3.6424  -5.4522  1149.23      .09      .10      .90    -4.34     1.00    56.64     8.78      .00
   3.6402  -5.4490  1010.59      .08     1.00      .00   -13.46     1.00   -61.11    -2.98      .00
   3.6422  -5.4509  1226.40      .11      .34      .66    -5.35     1.00    45.39     3.93      .00
   3.6423  -5.4472  1221.81      .10      .09      .91    -4.03     1.00    47.41    -9.22      .00
   3.6424  -5.4470  1218.05      .10      .08      .92    -3.91     1.00    51.86   -10.11      .00
   3.6404  -5.4488  1178.01      .09      .03      .97    -2.90     1.00   -54.61    -3.44      .00
   3.6424  -5.4468  1249.17      .09      .16      .84    -5.27     1.00    56.01   -10.80      .00
   3.6426  -5.4479  1284.36      .08     1.00      .00    -8.45     1.00    66.01    -6.89      .00
   3.6424  -5.4462  1255.15      .09      .14      .86    -5.22     1.00    53.34   -13.10      .00
   3.6406  -5.4536  1122.51      .11      .12      .88    -4.93     1.00   -43.07    13.86      .00
   3.6404  -5.4540   994.61      .10      .67      .33   -14.27     1.00   -52.73    15.18      .00
   3.6406  -5.4537  1152.15      .11      .10      .90    -4.11     1.00   -44.46    13.90      .00
   3.6422  -5.4477  1215.23      .11      .09      .91    -3.82     1.00    44.20    -7.72      .00
   3.6401  -5.4495  1156.81      .08     1.00      .00    -6.61     1.00   -69.02    -1.08      .00
   3.6405  -5.4508  1133.36      .10      .98      .02    -6.79     1.00   -47.02     3.53      .00
   3.6425  -5.4465  1273.02      .09      .29      .71    -6.65     1.00    58.17   -11.85      .00
   3.6405  -5.4512  1109.16      .10      .97      .03    -7.51     1.00   -46.74     5.18      .00
   3.6401  -5.4493  1180.80      .08      .03      .97    -2.85     1.00   -70.18    -1.70      .00
   3.6422  -5.4491  1300.63      .11     1.00      .00    -8.96     1.00    45.12    -2.37      .00
   3.6422  -5.4488  1190.54      .11      .04      .96    -2.81     1.00    45.54    -3.75      .00
   3.6404  -5.4527  1182.78      .09      .06      .94    -3.48     1.00   -53.67    10.29      .00
   3.6423  -5.4475  1262.87      .10      .35      .65    -6.36     1.00    47.72    -8.32      .00
   3.6401  -5.4476  1066.84      .08     1.00      .00    -9.69     1.00   -66.51    -7.82      .00
   3.6403  -5.4481  1015.13      .09     1.00      .00   -13.06     1.00   -57.76    -5.95      .00
   3.6423  -5.4458  1270.66      .10      .14      .86    -5.74     1.00    49.83   -14.50      .00
   3.6421  -5.4574  1149.90      .12      .02      .98    -4.59     2.00    39.63    27.20      .00
   3.6425  -5.4437  1299.54      .10      .00     1.00    -5.69     2.00    58.20   -21.94      .00
   3.6406  -5.4442  1093.06      .12      .00     1.00    -5.26     2.00   -40.87   -20.08      .00
   3.6423  -5.4547  1283.23      .10      .00     1.00    -5.35     2.00    50.38    17.81      .00
   3.6401  -5.4547  1202.50      .09      .18      .82    -3.92     2.00   -71.04    17.70      .00
   3.6429  -5.4494  1237.02      .08     1.00      .00   -11.31     2.00    81.72    -1.48      .00
   3.6424  -5.4455  1236.58      .09      .00     1.00    -4.51     2.00    55.34   -15.41      .00
   3.6396  -5.4512  1055.42      .08      .03      .97   -46.68     2.00   -97.44     4.99      .00
   3.6427  -5.4516  1386.18      .08      .00     1.00   -37.90     2.00    71.43     6.31      .00
   3.6425  -5.4456  1130.68      .09      .00     1.00    -4.65     2.00    60.07   -15.26      .00
   3.6431  -5.4495  1182.10      .08      .09      .91    -2.90     2.00    89.86    -1.04      .00
   3.6404  -5.4563  1235.14      .10      .00     1.00    -4.58     2.00   -54.62    23.46      .00
   3.6428  -5.4537  1343.71      .08      .00     1.00   -10.01     2.00    75.33    13.93      .00
   3.6426  -5.4534  1215.24      .08      .05      .95    -4.03     2.00    67.24    12.89      .00
   3.6426  -5.4459  1203.80      .09      .16      .84    -3.87     2.00    64.67   -14.06      .00
   3.6406  -5.4439  1019.88      .11      .00     1.00    -7.03     2.00   -42.66   -21.33      .00
   3.6427  -5.4544  1211.52      .08      .09      .91    -4.05     2.00    71.28    16.47      .00
   3.6397  -5.4477  1050.10      .08      .00     1.00   -23.15     2.00   -92.84    -7.48      .00
   3.6399  -5.4482  1158.05      .08      .04      .96    -4.20     2.00   -78.26    -5.63      .00
   3.6421  -5.4436  1325.04      .12      .00     1.00    -6.09     2.00    40.12   -22.30      .00
   3.6422  -5.4558  1194.68      .11      .37      .63    -3.95     2.00    45.08    21.73      .00
   3.6401  -5.4552  1150.96      .09      .01      .99    -4.33     2.00   -71.47    19.42      .00
   3.6430  -5.4456  1319.79      .08      .00     1.00    -8.52     2.00    84.84   -15.05      .00
   3.6426  -5.4546  1177.04      .09      .22      .78    -3.88     2.00    65.68    17.12      .00
   3.6426  -5.4558  1367.48      .09      .00     1.00    -8.36     2.00    67.07    21.56      .00
   3.6396  -5.4504  1134.06      .08     1.00      .00   -12.67     2.00   -94.90     2.07      .00
   3.6430  -5.4494  1317.19      .08     1.00      .00   -47.70     2.00    88.46    -1.59      .00
   3.6429  -5.4502  1267.89      .08     1.00      .00   -21.44     2.00    83.89     1.40      .00
   3.6428  -5.4550  1338.02      .09      .00     1.00    -7.86     2.00    74.49    18.69      .00
   3.6403  -5.4453  1209.47      .09      .12      .88    -4.09     2.00   -58.84   -16.26      .00
   3.6427  -5.4559  1072.05      .09      .27      .73    -7.10     3.00    70.97    21.89      .00
   3.6400  -5.4564  1051.20      .09      .37      .63    -8.16     3.00   -74.32    23.86      .00
   3.6434  -5.4530  1315.06      .08     1.00      .00    -8.87     3.00   107.30    11.49      .00
   3.6424  -5.4422  1169.48      .11      .10      .90    -4.04     3.00    53.08   -27.32      .00
   3.6425  -5.4429  1281.91      .10      .14      .86    -5.68     3.00    61.43   -24.72      .00
   3.6431  -5.4550  1287.05      .09      .49      .51    -7.23     3.00    92.92    18.72      .00
   3.6427  -5.4561  1340.44      .09      .49      .51    -9.08     3.00    70.88    22.71      .00
   3.6405  -5.4582  1079.42      .12      .13      .87    -5.89     3.00   -45.29    30.17      .00
   3.6420  -5.4586  1226.56      .13      .13      .87    -4.29     3.00    33.22    31.53      .00
   3.6427  -5.4416  1278.19      .10      .13      .87    -5.51     3.00    70.36   -29.45      .00
   3.6400  -5.4423   930.58      .10      .96      .04   -15.92     3.00   -76.14   -27.04      .00
   3.6407  -5.4416  1110.59      .12      .13      .87    -4.96     3.00   -36.39   -29.43      .00
   3.6422  -5.4408  1293.57      .12      .13      .87    -5.75     3.00    44.78   -32.40      .00
   3.6404  -5.4422  1116.43      .11      .11      .89    -4.87     3.00   -51.50   -27.30      .00
   3.6425  -5.4417  1295.93      .10      .14      .86    -6.08     3.00    62.20   -29.03      .00
   3.6400  -5.4438  1192.86      .09      .06      .94    -3.77     3.00   -75.19   -21.44      .00
   3.6401  -5.4411  1060.62      .10      .17      .83    -6.92     3.00   -66.73   -31.23      .00
   3.6404  -5.4418  1038.06      .11      .17      .83    -7.79     3.00   -52.13   -28.72      .00
   3.6423  -5.4412  1401.17      .11      .23      .77   -11.32     3.00    50.47   -30.93      .00
   3.6402  -5.4418  1087.42      .10      .14      .86    -5.87     3.00   -66.11   -28.75      .00
   3.6425  -5.4569  1132.47      .10      .10      .90    -4.53     3.00    61.26    25.72      .00
   3.6433  -5.4546  1294.87      .09      .89      .11    -8.03     3.00   105.30    17.33      .00
   3.6423  -5.4571  1249.13      .11      .11      .89    -4.63     3.00    51.71    26.24      .00
   3.6429  -5.4551  1310.24      .08      .64      .36    -8.24     3.00    83.68    18.98      .00
   3.6403  -5.4585  1182.70      .11      .10      .90    -3.99     3.00   -58.36    31.16      .00
   3.6436  -5.4485  1242.47      .09     1.00      .00    -6.94     3.00   118.84    -4.58      .00
   3.6402  -5.4573  1050.84      .10      .23      .77    -7.64     3.00   -66.26    26.86      .00
   3.6433  -5.4526  1224.23      .08      .12      .88    -4.69     3.00   101.67    10.20      .00
   3.6400  -5.4437  1081.02      .09      .23      .77    -6.68     3.00   -73.32   -22.07      .00
   3.6432  -5.4549  1220.35      .09      .07      .93    -3.99     3.00    95.16    18.33      .00
   3.6426  -5.4414  1268.98      .10      .12      .88    -5.18     3.00    67.89   -30.13      .00
   3.6408  -5.4596  1114.78      .13      .13      .87    -4.85     3.00   -32.26    35.35      .00
   3.6419  -5.4599  1276.56      .14      .13      .87    -5.18     3.00    29.31    36.43      .00
   3.6422  -5.4577  1175.98      .12      .11      .89    -4.05     3.00    43.12    28.52      .00
   3.6427  -5.4399  1247.22      .11      .09      .91    -4.66     4.00    72.18   -35.81      .00
   3.6399  -5.4388  1230.71      .12      .10      .90    -4.54     4.00   -77.43   -39.50      .00
   3.6408  -5.4606  1013.72      .14      .19      .81    -6.34     4.00   -31.94    38.82      .00
   3.6413  -5.4370  1339.43      .16      .18      .82    -5.84     4.00    -4.12   -45.96      .00
   3.6399  -5.4591  1125.63      .11      .09      .91    -4.68     4.00   -77.98    33.37      .00
   3.6421  -5.4377  1559.43      .14      .64      .36   -12.33     4.00    39.13   -43.61      .00
   3.6408  -5.4621  1362.27      .15      .19      .81    -6.30     4.00   -29.21    44.33      .00
   3.6392  -5.4546  1195.47      .09      .04      .96    -3.77     4.00  -115.38    17.28      .00
   3.6411  -5.4620  1245.71      .15      .14      .86    -4.73     4.00   -17.25    43.92      .00
   3.6429  -5.4604  1262.74      .12      .11      .89    -4.82     4.00    79.91    38.18      .00
   3.6400  -5.4603   979.08      .11      .32      .68    -7.63     4.00   -74.53    37.84      .00
   3.6402  -5.4405  1081.86      .11      .12      .88    -5.26     4.00   -64.49   -33.35      .00
   3.6420  -5.4621  1312.68      .14      .16      .84    -5.44     4.00    33.15    44.33      .00
   3.6391  -5.4506  1149.35      .09     1.00      .00    -7.14     4.00  -122.42     2.96      .00
   3.6428  -5.4606  1215.70      .12      .09      .91    -4.46     4.00    73.43    38.73      .00
   3.6420  -5.4389  1294.71      .14      .14      .86    -5.20     4.00    31.76   -39.32      .00
   3.6434  -5.4431  1370.41      .10      .79      .21    -8.24     4.00   108.42   -24.15      .00
   3.6405  -5.4384  1204.75      .13      .11      .89    -4.51     4.00   -46.83   -40.99      .00
   3.6391  -5.4504  1162.91      .09     1.00      .00    -7.10     4.00  -123.24     2.02      .00
   3.6413  -5.4623  1127.40      .15      .14      .86    -4.75     4.00    -5.93    44.98      .00
   3.6402  -5.4604  1063.11      .12      .14      .86    -5.54     4.00   -63.54    38.29      .00
   3.6404  -5.4402  1035.50      .12      .16      .84    -6.03     4.00   -51.21   -34.71      .00
   3.6427  -5.4588  1218.70      .10      .08      .92    -4.44     4.00    73.19    32.52      .00
   3.6406  -5.4385  1061.49      .13      .15      .85    -5.50     4.00   -42.29   -40.67      .00
   3.6431  -5.4409  1348.80      .10      .28      .72    -6.78     4.00    94.10   -32.04      .00
   3.6426  -5.4405  1302.86      .11      .13      .87    -5.40     4.00    65.06   -33.52      .00
   3.6429  -5.4608  1323.03      .12      .16      .84    -5.79     4.00    78.87    39.56      .00
   3.6412  -5.4621  1195.33      .15      .14      .86    -4.55     4.00    -8.84    44.26      .00
   3.6399  -5.4398  1177.87      .11      .08      .92    -4.38     4.00   -78.08   -36.02      .00
   3.6433  -5.4584  1496.70      .11      .99      .01   -11.12     4.00   105.49    31.12      .00
   3.6398  -5.4410  1120.95      .10      .09      .91    -4.72     4.00   -87.40   -31.66      .00
   3.6440  -5.4068  1191.29      .95      .98      .02    -2.99     5.00   142.27  -154.77      .00
   3.6414  -5.4359  1173.93      .16      .29      .71    -3.81     5.00     -.72   -49.92      .00
   3.6435  -5.4681  1185.71      .25      .44      .56    -3.53     5.00   112.48    66.03      .00
   3.6409  -5.4726  1344.07      .31      .00     1.00    -8.96     5.00   -28.15    82.01      .00
   3.6397  -5.4846  1211.60      .76      .81      .19    -3.78     5.00   -88.10   125.33      .00
   3.6419  -5.4330  1086.31      .19      .00     1.00    -6.15     5.00    29.06   -60.49      .00
   3.6429  -5.4640  1282.07      .15      .00     1.00    -6.08     5.00    81.90    51.29      .00
   3.6390  -5.4772  1048.14      .56      .00     1.00    -9.02     5.00  -130.69    98.79      .00
   3.6398  -5.4673  1064.58      .21      .00     1.00    -7.50     5.00   -86.45    63.15      .00
   3.6418  -5.4667  1153.64      .19      .13      .87    -4.23     5.00    24.80    60.68      .00
   3.6402  -5.4648  1114.84      .16      .00     1.00    -5.21     5.00   -65.39    54.15      .00
   3.6440  -5.4665  1291.10      .26      .00     1.00    -7.11     5.00   142.66    60.21      .00
   3.6399  -5.4632  1164.51      .14      .17      .83    -3.92     5.00   -80.67    48.32      .00
   3.6407  -5.4361  1059.11      .15      .00     1.00    -7.42     5.00   -39.05   -49.17      .00
   3.6408  -5.4345   975.56      .17      .00     1.00   -12.95     5.00   -31.60   -54.96      .00
   3.6392  -5.4592   977.15      .12      .00     1.00   -21.90     5.00  -118.07    33.90      .00
   3.6406  -5.4359  1121.09      .15      .00     1.00    -4.98     5.00   -39.62   -50.20      .00
   3.6409  -5.4365   981.42      .15      .00     1.00   -12.46     5.00   -28.03   -47.85      .00
   3.6447  -5.4437  1421.75      .18      .07      .93   -77.59     5.00   176.50   -21.90      .00
   3.6429  -5.4383  1284.94      .12      .00     1.00    -6.33     5.00    80.11   -41.51      .00
   3.6409  -5.4659  1112.01      .18      .00     1.00    -5.25     5.00   -26.34    58.01      .00
   3.6405  -5.4647  1039.90      .16      .00     1.00    -8.54     5.00   -45.67    53.54      .00
   3.6409  -5.4342  1120.90      .18      .00     1.00    -4.99     5.00   -24.04   -56.25      .00
   3.6406  -5.4337  1183.23      .18      .36      .64    -3.67     5.00   -42.28   -57.95      .00
   3.6417  -5.4632  1233.27      .16      .04      .96    -4.45     5.00    15.89    48.12      .00
   3.6388  -5.4653  1111.04      .23      .00     1.00    -5.76     5.00  -139.68    55.70      .00
   3.6383  -5.4688  1113.59      .37      .00     1.00    -5.83     5.00  -168.21    68.53      .00
   3.6404  -5.4716  1140.77      .29      .07      .93    -4.63     5.00   -51.88    78.30      .00
   3.6410  -5.4631  1136.14      .15      .02      .98    -4.60     5.00   -22.00    47.84      .00
   3.6411  -5.4733  1033.19      .33      .00     1.00    -8.90     5.00   -17.44    84.76      .00
   3.6423  -5.4646  1226.03      .16      .08      .92    -4.28     5.00    48.51    53.16      .00
   3.6417  -5.4649  1273.67      .17      .00     1.00    -5.52     5.00    16.87    54.28      .00
   3.6432  -5.4395  1315.84      .12      .00     1.00    -8.97     5.00    97.91   -36.98      .00
   3.6414  -5.4317  1091.23      .21      .00     1.00    -5.95     5.00    -1.38   -65.07      .00
   3.6436  -5.4726  1216.66      .37      .36      .64    -4.05     5.00   117.26    82.01      .00
   3.6410  -5.4654  1158.35      .18      .17      .83    -4.12     5.00   -19.30    56.21      .00
