   3.6400  -5.4466  1148.05      .08      .06      .94    -4.28     1.00   -72.33   -11.62      .00
   3.6426  -5.4486  1164.58      .08      .10      .90    -3.94     1.00    65.03    -4.37      .00
   3.6405  -5.4485  1305.34      .10      .44      .56   -13.83     1.00   -46.89    -4.59      .00
   3.6404  -5.4511  1104.93      .09      .44      .56    -9.85     1.00   -52.25     4.67      .00
   3.6422  -5.4550  1342.64      .11      .00     1.00    -7.02     1.00    44.42    18.80      .00
   3.6422  -5.4485  1164.36      .10      .10      .90    -3.76     1.00    46.11    -4.78      .00
   3.6404  -5.4443  1155.40      .10      .11      .89    -4.27     1.00   -53.61   -19.96      .00
   3.6407  -5.4431  1104.08      .12      .00     1.00    -5.11     1.00   -38.96   -24.12      .00
   3.6401  -5.4476  1178.78      .08      .08      .92    -3.41     1.00   -70.09    -7.95      .00
   3.6425  -5.4533  1286.85      .09      .00     1.00    -6.10     1.00    57.83    12.52      .00
   3.6401  -5.4524  1104.09      .08      .02      .98    -6.84     1.00   -66.59     9.47      .00
   3.6422  -5.4538  1338.87      .11      .00     1.00    -7.47     1.00    45.78    14.48      .00
   3.6423  -5.4506  1343.94      .10     1.00      .00   -21.78     1.00    47.75     2.90      .00
   3.6405  -5.4504  1142.86      .10      .93      .07    -7.05     1.00   -47.56     2.33      .00
   3.6400  -5.4480  1169.80      .08      .07      .93    -3.53     1.00   -73.22    -6.50      .00
   3.6405  -5.4512  1049.80      .10      .10      .90   -16.80     1.00   -46.59     5.11      .00
   3.6424  -5.4446  1172.55      .09      .16      .84    -4.04     1.00    57.07   -18.59      .00
   3.6425  -5.4469  1157.56      .09      .09      .91    -4.03     1.00    57.23   -10.27      .00
   3.6403  -5.4448  1124.53      .09      .02      .98    -4.78     1.00   -57.34   -17.88      .00
   3.6426  -5.4490  1232.41      .08      .87      .13    -6.87     1.00    63.06    -2.88      .00
   3.6404  -5.4467  1156.42      .09      .09      .91    -4.09     1.00   -54.34   -11.33      .00
   3.6424  -5.4497  1363.54      .09     1.00      .00   -26.25     1.00    52.32     -.39      .00
   3.6401  -5.4474  1078.29      .08      .01      .99    -9.93     1.00   -67.90    -8.80      .00
   3.6402  -5.4447  1195.72      .09      .17      .83    -3.93     1.00   -62.69   -18.24      .00
   3.6422  -5.4453  1377.17      .11      .00     1.00    -8.91     1.00    45.08   -16.07      .00
   3.6427  -5.4485  1320.20      .08     1.00      .00   -17.40     1.00    68.04    -4.52      .00
   3.6401  -5.4502  1168.70      .08      .97      .03    -6.13     1.00   -69.78     1.44      .00
   3.6399  -5.4500  1146.19      .08     1.00      .00    -7.21     1.00   -80.17      .62      .00
   3.6422  -5.4485  1420.52      .11      .45      .55   -41.09     1.00    44.57    -4.74      .00
   3.6426  -5.4476  1299.75      .08      .02      .98    -9.82     1.00    63.56    -8.09      .00
   3.6405  -5.4529  1115.25      .11      .01      .99    -5.14     1.00   -45.89    11.08      .00
   3.6424  -5.4539  1179.82      .09      .16      .84    -3.91     1.00    54.99    14.68      .00
   3.6422  -5.4532  1201.03      .11      .18      .82    -3.91     1.00    45.03    12.26      .00
   3.6426  -5.4533  1143.61      .09      .06      .94    -4.38     1.00    63.19    12.62      .00
   3.6424  -5.4528  1270.39      .09      .01      .99    -5.53     1.00    53.77    10.78      .00
   3.6405  -5.4560  1084.56      .11      .00     1.00    -5.57     1.00   -49.20    22.28      .00
   3.6434  -5.4465  1127.59      .08      .28      .72    -5.89     2.00   106.52   -11.74      .00
   3.6405  -5.4586  1235.62      .12      .13      .87    -4.45     2.00   -46.59    31.68      .00
   3.6428  -5.4420  1301.87      .10      .07      .93    -5.87     2.00    77.15   -28.13      .00
   3.6422  -5.4609  1318.57      .13      .05      .95    -5.89     2.00    41.70    40.05      .00
   3.6432  -5.4448  1295.95      .09      .26      .74    -7.06     2.00    98.45   -17.83      .00
   3.6431  -5.4583  1315.83      .10      .08      .92    -6.52     2.00    93.53    30.50      .00
   3.6432  -5.4494  1104.07      .08     1.00      .00    -7.86     2.00    96.55    -1.48      .00
   3.6424  -5.4588  1252.61      .11      .11      .89    -4.64     2.00    56.07    32.28      .00
   3.6403  -5.4572  1086.15      .10      .07      .93    -5.51     2.00   -58.87    26.61      .00
   3.6400  -5.4549  1158.15      .09      .08      .92    -4.11     2.00   -74.07    18.22      .00
   3.6432  -5.4472  1303.40      .08     1.00      .00    -8.77     2.00    98.97    -9.39      .00
   3.6428  -5.4450  1325.45      .08      .17      .83    -7.90     2.00    74.57   -17.36      .00
   3.6405  -5.4423  1173.03      .11      .14      .86    -4.23     2.00   -47.17   -27.16      .00
   3.6399  -5.4556  1083.08      .09      .10      .90    -6.13     2.00   -78.07    20.90      .00
   3.6406  -5.4412  1024.93      .12      .02      .98    -7.04     2.00   -42.95   -30.79      .00
   3.6393  -5.4444  1228.15      .09      .09      .91    -4.14     2.00  -112.17   -19.51      .00
   3.6429  -5.4435  1405.30      .09      .13      .87   -12.57     2.00    82.69   -22.57      .00
   3.6403  -5.4605   994.87      .12      .01      .99    -8.16     2.00   -56.55    38.65      .00
   3.6420  -5.4583  1290.02      .13      .08      .92    -5.27     2.00    33.58    30.48      .00
   3.6424  -5.4407  1167.98      .11      .14      .86    -4.27     2.00    52.32   -32.85      .00
   3.6402  -5.4579  1142.20      .10      .11      .89    -4.44     2.00   -62.67    29.02      .00
   3.6420  -5.4592  1200.12      .13      .18      .82    -4.28     2.00    30.35    33.98      .00
   3.6404  -5.4405  1094.85      .11      .08      .92    -5.22     2.00   -55.37   -33.30      .00
   3.6432  -5.4434  1414.47      .09      .53      .47   -14.68     2.00    98.98   -22.91      .00
   3.6404  -5.4593  1011.71      .12      .01      .99    -7.54     2.00   -50.73    34.20      .00
   3.6397  -5.4495   962.51      .08     1.00      .00   -15.78     2.00   -93.28    -1.05      .00
   3.6428  -5.4431  1221.45      .09      .10      .90    -4.19     2.00    73.88   -24.29      .00
   3.6397  -5.4477  1091.87      .08     1.00      .00    -8.25     2.00   -91.67    -7.56      .00
   3.6401  -5.4587   979.58      .10      .01      .99    -9.54     2.00   -69.27    32.14      .00
   3.6430  -5.4415  1311.15      .10      .07      .93    -6.28     2.00    87.90   -29.77      .00
   3.6425  -5.4583  1271.42      .11      .09      .91    -4.96     2.00    58.20    30.44      .00
   3.6422  -5.4567  1368.62      .12      .02      .98    -7.67     2.00    41.64    24.71      .00
   3.6396  -5.4466  1055.00      .08     1.00      .00    -9.74     2.00   -98.70   -11.57      .00
   3.6433  -5.4457  1349.05      .08      .99      .01   -10.91     2.00   103.55   -14.73      .00
   3.6394  -5.4538  1007.57      .09     1.00      .00   -12.37     2.00  -107.25    14.31      .00
   3.6402  -5.4587  1137.40      .11      .11      .89    -4.51     2.00   -61.51    31.98      .00
   3.6403  -5.4418  1267.50      .10      .09      .91    -4.89     2.00   -57.21   -28.86      .00
   3.6410  -5.4658  1225.29      .18      .26      .74    -4.47     3.00   -20.82    57.47      .00
   3.6410  -5.4672  1221.80      .20      .31      .69    -4.40     3.00   -20.61    62.78      .00
   3.6415  -5.4218  1196.43      .47      .74      .26    -3.80     3.00     5.94  -100.71      .00
   3.6426  -5.4606  1197.94      .12      .27      .73    -4.20     3.00    62.83    38.79      .00
   3.6414  -5.4364   956.31      .16      .00     1.00    -8.09     3.00    -1.82   -48.10      .00
   3.6382  -5.4364   958.57      .25      .00     1.00   -11.66     3.00  -168.66   -48.35      .00
   3.6431  -5.4405  1246.42      .11      .05      .95    -4.62     3.00    92.73   -33.53      .00
   3.6402  -5.4264  1135.78      .33      .22      .78    -4.82     3.00   -63.79   -84.08      .00
   3.6441  -5.4474  1187.59      .11      .07      .93    -2.91     3.00   144.51    -8.82      .00
   3.6419  -5.4616  1263.16      .14      .02      .98    -4.95     3.00    26.19    42.52      .00
   3.6395  -5.4340  1203.23      .19      .37      .63    -4.12     3.00  -100.15   -56.99      .00
   3.6389  -5.4442  1126.57      .11      .04      .96    -5.03     3.00  -131.73   -20.32      .00
   3.6436  -5.4372  1291.28      .15      .00     1.00    -5.45     3.00   116.72   -45.30      .00
   3.6405  -5.4357  1116.35      .15      .02      .98    -4.96     3.00   -49.77   -50.87      .00
   3.6416  -5.4642  1056.19      .17      .00     1.00    -5.80     3.00    12.79    51.89      .00
   3.6424  -5.4630  1311.69      .14      .00     1.00    -5.63     3.00    56.81    47.41      .00
   3.6427  -5.4612  1335.32      .12      .00     1.00    -6.19     3.00    71.25    40.87      .00
   3.6428  -5.4600  1208.31      .11      .22      .78    -4.21     3.00    78.33    36.81      .00
   3.6397  -5.4615  1087.00      .13      .00     1.00    -5.41     3.00   -92.43    42.23      .00
   3.6424  -5.4364  1089.43      .14      .00     1.00    -5.30     3.00    53.74   -48.41      .00
   3.6384  -5.4457  1169.35      .14      .13      .87    -3.59     3.00  -158.21   -14.92      .00
   3.6394  -5.4420  1007.03      .10      .00     1.00    -9.19     3.00  -107.01   -28.06      .00
   3.6416  -5.4635  1143.77      .16      .15      .85    -4.64     3.00    10.17    49.46      .00
   3.6408  -5.4318  1257.35      .21      .06      .94    -4.94     3.00   -32.51   -64.95      .00
   3.6435  -5.4679  1288.44      .24      .00     1.00    -5.42     3.00   113.68    65.15      .00
   3.6425  -5.4374  1154.60      .13      .18      .82    -4.45     3.00    58.16   -44.52      .00
   3.6406  -5.4658  1089.65      .18      .00     1.00    -5.33     3.00   -41.80    57.66      .00
   3.6426  -5.4360  1401.89      .15      .00     1.00    -7.83     3.00    64.22   -49.50      .00
   3.6396  -5.4592  1122.73      .11      .03      .97    -4.80     3.00   -97.99    33.76      .00
   3.6408  -5.4644  1167.81      .16      .32      .68    -4.31     3.00   -29.12    52.65      .00
   3.6422  -5.4611  1262.01      .13      .02      .98    -4.92     3.00    43.11    40.72      .00
   3.6404  -5.4378  1040.38      .13      .00     1.00    -6.17     3.00   -52.77   -43.25      .00
   3.6442  -5.4497  1217.32      .12     1.00      .00    -5.92     3.00   152.40     -.53      .00
   3.6401  -5.4394  1111.60      .11      .01      .99    -4.98     3.00   -71.53   -37.37      .00
   3.6388  -5.4502  1119.47      .11     1.00      .00    -8.78     3.00  -140.23     1.57      .00
   3.6427  -5.4386  1382.19      .12      .00     1.00    -7.47     3.00    70.85   -40.39      .00
