   3.6405  -5.4472  1085.39      .10      .25      .75    -6.32     1.00   -47.82    -9.33      .00
   3.6406  -5.4439  1202.17      .11      .12      .88    -4.22     1.00   -42.63   -21.39      .00
   3.6422  -5.4575  1236.16      .11      .12      .88    -4.53     1.00    43.63    27.59      .00
   3.6424  -5.4502  1091.37      .09     1.00      .00    -7.64     1.00    52.16     1.48      .00
   3.6403  -5.4467  1056.80      .09      .40      .60    -7.82     1.00   -56.98   -11.33      .00
   3.6402  -5.4515  1059.65      .08     1.00      .00    -8.70     1.00   -62.30     5.98      .00
   3.6405  -5.4566  1166.63      .11      .12      .88    -4.22     1.00   -46.90    24.30      .00
   3.6400  -5.4453  1251.33      .08      .10      .90    -4.94     1.00   -76.31   -16.31      .00
   3.6401  -5.4468  1225.52      .08      .08      .92    -4.29     1.00   -69.92   -10.65      .00
   3.6405  -5.4476  1076.76      .10      .49      .51    -7.24     1.00   -47.98    -7.94      .00
   3.6405  -5.4508  1167.86      .11      .05      .95    -3.35     1.00   -45.38     3.61      .00
   3.6430  -5.4492  1259.51      .08     1.00      .00    -7.48     1.00    88.07    -2.20      .00
   3.6425  -5.4528  1255.86      .09      .15      .85    -5.38     1.00    61.67    10.65      .00
   3.6425  -5.4524  1236.90      .09      .11      .89    -4.68     1.00    60.19     9.51      .00
   3.6405  -5.4530  1069.07      .10      .19      .81    -6.55     1.00   -47.62    11.69      .00
   3.6403  -5.4531  1091.85      .09      .18      .82    -5.95     1.00   -58.85    11.89      .00
   3.6426  -5.4453  1167.05      .09      .07      .93    -3.95     1.00    66.24   -16.19      .00
   3.6402  -5.4466  1045.55      .09      .62      .38    -8.71     1.00   -62.02   -11.49      .00
   3.6405  -5.4484  1130.85      .11      .20      .80    -5.12     1.00   -45.34    -5.08      .00
   3.6424  -5.4500  1237.08      .09     1.00      .00    -6.93     1.00    57.14      .72      .00
   3.6423  -5.4488  1253.86      .10      .97      .03    -7.04     1.00    47.38    -3.53      .00
   3.6396  -5.4490   871.86      .08     1.00      .00   -20.13     1.00   -97.67    -2.93      .00
   3.6406  -5.4447  1273.56      .11      .11      .89    -5.16     1.00   -41.02   -18.44      .00
   3.6432  -5.4475  1530.20      .08     1.00      .00   -23.34     1.00    95.86    -8.30      .00
   3.6404  -5.4445  1115.28      .10      .10      .90    -4.74     1.00   -51.74   -18.96      .00
   3.6424  -5.4497  1209.43      .09     1.00      .00    -6.57     1.00    52.84     -.36      .00
   3.6397  -5.4491  1009.31      .08     1.00      .00   -10.88     1.00   -90.39    -2.66      .00
   3.6401  -5.4509  1062.85      .08     1.00      .00    -8.65     1.00   -68.83     3.83      .00
   3.6400  -5.4494   999.89      .08     1.00      .00   -11.33     1.00   -72.90    -1.34      .00
   3.6430  -5.4490  1368.05      .08     1.00      .00   -11.41     1.00    86.26    -2.93      .00
   3.6403  -5.4514  1172.41      .09      .04      .96    -3.31     1.00   -58.55     5.63      .00
   3.6403  -5.4504  1341.78      .09     1.00      .00   -10.00     1.00   -55.83     2.29      .00
   3.6404  -5.4522  1005.55      .09      .99      .01   -10.84     1.00   -52.25     8.50      .00
   3.6423  -5.4535  1276.57      .10      .13      .87    -5.55     1.00    49.33    13.41      .00
   3.6426  -5.4549  1237.96      .09      .09      .91    -4.50     1.00    67.28    18.19      .00
   3.6401  -5.4501  1120.40      .08     1.00      .00    -7.20     1.00   -71.69     1.04      .00
   3.6405  -5.4500  1257.22      .10     1.00      .00    -7.15     1.00   -47.67      .60      .00
   3.6427  -5.4504  1338.01      .08     1.00      .00    -9.95     1.00    69.09     2.16      .00
   3.6426  -5.4521  1217.81      .08      .07      .93    -4.08     1.00    64.06     8.15      .00
   3.6405  -5.4407  1031.92      .12      .00     1.00    -6.48     2.00   -49.53   -32.82      .00
   3.6406  -5.4409  1267.82      .12      .00     1.00    -5.07     2.00   -40.38   -32.01      .00
   3.6401  -5.4565  1127.32      .09      .00     1.00    -4.63     2.00   -69.42    24.27      .00
   3.6408  -5.4603  1119.63      .14      .00     1.00    -4.85     2.00   -31.17    37.77      .00
   3.6403  -5.4410  1120.26      .11      .00     1.00    -4.78     2.00   -57.78   -31.53      .00
   3.6404  -5.4397  1280.43      .12      .00     1.00    -5.28     2.00   -52.65   -36.39      .00
   3.6397  -5.4448  1193.51      .08      .19      .81    -3.70     2.00   -90.73   -17.91      .00
   3.6434  -5.4466  1398.83      .08      .00     1.00   -33.44     2.00   105.85   -11.67      .00
   3.6402  -5.4417  1005.08      .10      .00     1.00    -7.78     2.00   -65.72   -29.01      .00
   3.6403  -5.4568  1171.73      .10      .28      .72    -4.01     2.00   -57.45    25.33      .00
   3.6430  -5.4552  1239.38      .09      .00     1.00    -4.64     2.00    86.11    19.34      .00
   3.6433  -5.4540  1295.43      .09      .00     1.00    -8.74     2.00   104.46    15.12      .00
   3.6422  -5.4579  1221.18      .12      .02      .98    -4.55     2.00    44.36    29.13      .00
   3.6422  -5.4412  1265.22      .12      .00     1.00    -5.04     2.00    46.00   -30.80      .00
   3.6419  -5.4606  1317.67      .14      .00     1.00    -5.92     2.00    25.43    39.03      .00
   3.6405  -5.4573  1202.25      .11      .21      .79    -4.19     2.00   -50.19    27.14      .00
   3.6406  -5.4406  1097.51      .12      .00     1.00    -5.10     2.00   -41.25   -33.13      .00
   3.6429  -5.4428  1319.70      .09      .00     1.00    -6.93     2.00    83.30   -25.19      .00
   3.6430  -5.4446  1382.98      .08      .00     1.00   -13.17     2.00    89.40   -18.73      .00
   3.6409  -5.4390  1257.18      .14      .00     1.00    -4.96     2.00   -26.03   -38.76      .00
   3.6406  -5.4411  1192.91      .12      .38      .62    -4.01     2.00   -40.36   -31.23      .00
   3.6405  -5.4402  1103.36      .12      .00     1.00    -5.01     2.00   -46.95   -34.65      .00
   3.6420  -5.4583  1157.34      .13      .13      .87    -4.41     2.00    33.83    30.77      .00
   3.6399  -5.4423  1168.10      .09      .21      .79    -4.01     2.00   -80.52   -26.97      .00
   3.6423  -5.4584  1355.44      .11      .00     1.00    -7.13     2.00    50.09    30.80      .00
   3.6399  -5.4441  1183.45      .09      .26      .74    -3.75     2.00   -80.92   -20.53      .00
   3.6408  -5.4390  1139.63      .14      .01      .99    -4.68     2.00   -29.24   -38.82      .00
   3.6407  -5.4407  1061.73      .13      .00     1.00    -5.70     2.00   -35.75   -32.75      .00
   3.6427  -5.4570  1224.13      .10      .01      .99    -4.45     2.00    68.97    26.06      .00
   3.6420  -5.4581  1197.66      .13      .32      .68    -4.11     2.00    35.52    29.81      .00
   3.6400  -5.4407  1036.55      .10      .00     1.00    -6.67     2.00   -73.66   -32.68      .00
   3.6405  -5.4413  1081.28      .12      .00     1.00    -5.36     2.00   -45.34   -30.61      .00
   3.6394  -5.4446  1190.64      .09      .20      .80    -3.59     2.00  -107.68   -18.74      .00
   3.6403  -5.4420  1103.03      .10      .00     1.00    -5.02     2.00   -57.51   -28.04      .00
   3.6423  -5.4404  1498.04      .12      .00     1.00   -13.23     2.00    51.11   -33.99      .00
   3.6414  -5.4655  1296.38      .18      .19      .81    -5.79     3.00     2.80    56.56      .00
   3.6430  -5.4581  1165.51      .10      .08      .92    -3.93     3.00    87.56    29.94      .00
   3.6422  -5.4616  1192.54      .14      .13      .87    -4.10     3.00    42.06    42.53      .00
   3.6437  -5.5048  1278.51      .99      .99      .01    -5.28     3.00   125.32   197.84      .00
   3.6421  -5.4686  1198.91      .22      .22      .78    -4.15     3.00    37.94    67.85      .00
   3.6398  -5.4397  1060.97      .11      .23      .77    -6.75     3.00   -84.24   -36.27      .00
   3.6438  -5.4311  1251.20      .28      .30      .70    -4.77     3.00   132.36   -67.22      .00
   3.6421  -5.4309  1218.09      .22      .22      .78    -4.28     3.00    36.33   -68.03      .00
   3.6422  -5.4607  1255.65      .13      .13      .87    -4.83     3.00    45.84    39.37      .00
   3.6392  -5.4355  1016.19      .18      .56      .44    -8.81     3.00  -118.86   -51.47      .00
   3.6406  -5.4608  1149.09      .13      .13      .87    -4.25     3.00   -41.89    39.67      .00
   3.6413  -5.4673  1186.98      .20      .20      .80    -4.13     3.00    -6.08    62.84      .00
   3.6419  -5.4373  1185.50      .15      .14      .86    -4.11     3.00    25.74   -44.86      .00
   3.6396  -5.4413  1036.10      .10      .58      .42    -8.60     3.00   -97.00   -30.54      .00
   3.6406  -5.4607  1060.39      .13      .16      .84    -6.25     3.00   -43.32    39.32      .00
   3.6403  -5.4394  1128.81      .12      .12      .88    -4.50     3.00   -58.49   -37.34      .00
   3.6379  -5.4327  1140.97      .38      .35      .65    -4.29     3.00  -188.07   -61.50      .00
   3.6405  -5.4391  1226.79      .13      .12      .88    -4.34     3.00   -46.20   -38.46      .00
   3.6399  -5.4383  1066.44      .12      .19      .81    -6.30     3.00   -78.92   -41.46      .00
   3.6407  -5.4654  1029.37      .17      .20      .80    -7.30     3.00   -36.33    56.03      .00
   3.6417  -5.4631  1206.00      .16      .15      .85    -4.19     3.00    15.12    48.06      .00
   3.6427  -5.4379  1329.18      .13      .23      .77    -7.43     3.00    73.22   -42.77      .00
   3.6403  -5.4317  1118.73      .21      .21      .79    -4.68     3.00   -59.31   -65.25      .00
   3.6424  -5.4391  1336.29      .12      .21      .79    -7.62     3.00    56.65   -38.39      .00
   3.6411  -5.4619  1073.84      .15      .16      .84    -5.70     3.00   -13.96    43.71      .00
   3.6413  -5.4656  1190.71      .18      .18      .82    -4.13     3.00    -3.65    56.87      .00
   3.6416  -5.4626  1103.41      .15      .16      .84    -4.96     3.00    13.56    45.92      .00
   3.6422  -5.4619  1270.54      .14      .14      .86    -5.16     3.00    44.24    43.74      .00
   3.6393  -5.4428  1054.76      .10      .80      .20    -8.30     3.00  -111.14   -25.16      .00
   3.6403  -5.4310  1227.88      .22      .22      .78    -4.37     3.00   -57.12   -67.50      .00
   3.6399  -5.4592  1203.72      .11      .09      .91    -4.01     3.00   -82.43    33.87      .00
   3.6432  -5.4643  1330.71      .16      .33      .67    -7.59     3.00   100.15    52.10      .00
   3.6427  -5.4612  1319.46      .12      .21      .79    -7.03     3.00    72.72    41.12      .00
   3.6404  -5.4250  1090.23      .38      .39      .61    -5.26     3.00   -54.13   -89.45      .00
   3.6429  -5.4372  1206.48      .13      .12      .88    -4.10     3.00    81.14   -45.52      .00
