0.584955762839 0.585045193732 1
0.653011399488 0.653504031257 2
0.890942602696 0.891093190889 3
0.837245446305 0.837317918372 4
0.63552430709 0.635543674906 5
0.846257803776 0.846401284412 6
0.629486154723 0.629483236854 7
0.544176868341 0.544216619005 8
0.595638123951 0.595626085315 9
0.59699164324 0.59713550001 10
0.717705838282 0.718163293115 11
0.653641587903 0.653685003729 12
0.8081635482 0.808217324704 13
0.587630589906 0.586927172607 14
0.636484455589 0.63643588961 15
0.930166258788 0.930185492943 16
0.601815242149 0.600958376085 17
0.772506367498 0.772822903547 18
0.698374526863 0.698481175193 19
0.563441517255 0.563219997267 20
0.609942482254 0.610006227621 21
0.636380970842 0.636142062266 22
0.574024950789 0.574274041742 23
0.631499905046 0.630876391738 24
0.592759744007 0.592775755729 25
0.896232733876 0.896414165211 26
0.894070779634 0.894242615094 27
0.623484556184 0.62339551866 28
0.609080764475 0.609044152562 29
0.629716681603 0.629339886993 30
0.564190132432 0.564484362477 31
0.54692341443 0.546859554358 32
0.92268681849 0.922789447171 33
0.559448040484 0.559179208397 34
0.933326220653 0.933370547369 35
0.76331330664 0.763712120354 36
0.697037808691 0.697120772194 37
0.549615926921 0.549754928122 38
0.680852609055 0.681268941162 39
0.6322766277 0.632279191569 40
0.628690283679 0.628360388083 41
0.661838621925 0.661887280231 42
0.694204533207 0.694265888766 43
0.5 0.5 44
0.603511605424 0.603975374352 45
0.5 0.5 46
0.5 0.5 47
0.81462757941 0.814946409292 48
0.743756766577 0.743821292162 49
0.564591107119 0.564430208131 50
0.648848488064 0.648961842299 51
0.581632553788 0.581940521882 52
0.65506447524 0.654753415707 53
0.607936645616 0.608240716131 54
0.648815344671 0.648897749997 55
0.635573747639 0.636070810231 56
0.690077252334 0.690275123716 57
0.601736058986 0.60171098006 58
0.795536958914 0.795894745839 59
0.573999161853 0.57382973305 60
0.605752075674 0.606217724637 61
0.544195378512 0.544416239067 62
0.793721931825 0.793960215243 63
0.617164361211 0.617047600477 64
0.726389316407 0.72674820677 65
0.633387559719 0.633187097962 66
0.821493292438 0.821542426459 67
0.763691424634 0.764001443101 68
0.595335814525 0.59521867377 69
0.584382723946 0.584762235093 70
0.64503076431 0.64506010235 71
0.549038554994 0.549038450665 72
0.794528533625 0.794887906633 73
0.691101003511 0.691176076571 74
0.861509031686 0.861549161599 75
0.586839769903 0.587234031551 76
0.605006058437 0.60485313833 77
0.557117618848 0.557094666079 78
0.895229723416 0.895344657419 79
0.666456539436 0.66654882585 80
0.568280561558 0.568251968195 81
0.651888021988 0.651594672542 82
0.714773406477 0.715024677836 83
0.641935675397 0.641968489439 84
0.682530634583 0.682884038783 85
0.702523954872 0.702766833095 86
0.711955380337 0.712358074723 87
0.667062011461 0.666848184597 88
0.608591675576 0.608142658984 89
0.637360465821 0.637764466279 90
0.67658571319 0.676794337326 91
0.67103611355 0.671370352678 92
0.712262650548 0.712673328113 93
0.616550248714 0.615915193301 94
0.759739455168 0.759860599798 95
0.614523993292 0.61494721665 96
0.56854862461 0.568421411801 97
0.587267054714 0.587700344246 98
0.585474968104 0.584968932815 99
0.652475206948 0.651876714836 100
0.621190857531 0.620998449706 101
0.963087711093 0.963136890822 102
0.741959645549 0.742265597903 103
0.762633026955 0.762703152498 104
0.610162078752 0.609567090504 105
0.766636697586 0.766774907116 106
0.612563226068 0.612531077937 107
0.571317008236 0.571141620288 108
0.55999132357 0.560305207057 109
0.806323840618 0.806518361377 110
0.622933642471 0.623244623558 111
0.720483093892 0.720606104514 112
0.626733673656 0.627231580368 113
0.638105794094 0.638517726982 114
0.672345835798 0.672577609011 115
0.632764952241 0.63275198336 116
0.630344551408 0.630240315886 117
0.674039351978 0.674096334323 118
0.668393081962 0.668775079759 119
0.640638973701 0.64054586327 120
0.752852220255 0.753218746598 121
0.654549447713 0.654323745278 122
0.602024373417 0.602102529609 123
0.630206692432 0.630211501664 124
0.753584027637 0.753644344028 125
0.636793639747 0.637293333374 126
0.735279142991 0.735483337932 127
0.701540668898 0.701994493912 128
0.769713278872 0.769840425954 129
0.691958267546 0.692186873059 130
0.624927823703 0.625273139453 131
0.544917780005 0.545143960188 132
0.709403333313 0.709806503796 133
0.615693038956 0.615111671549 134
0.636631432519 0.63666733892 135
0.624265202207 0.624529860691 136
0.565334712665 0.565541488611 137
0.735349254765 0.735762530718 138
0.603491206007 0.603350508557 139
0.902181207407 0.902239735266 140
0.723399674275 0.723822094449 141
0.888022439232 0.888067295562 142
0.698221575821 0.698657458529 143
0.713505475197 0.713577040104 144
0.591159170686 0.591381453521 145
0.55846138817 0.55823420038 146
0.721918218202 0.721982041988 147
0.656291936008 0.656539085654 148
0.618664215626 0.618646758862 149
0.548263236931 0.548459723592 150
0.619595594207 0.619696509824 151
0.661522434616 0.66157376622 152
0.610408361797 0.610636093674 153
0.625372852449 0.625401747906 154
0.54708521495 0.547272410334 155
0.606729369416 0.606705089699 156
0.751455789582 0.751657934297 157
0.601399386675 0.601849757328 158
0.607289189168 0.607752797098 159
0.657943603052 0.65833569862 160
0.925474176074 0.925516240823 161
0.637951747796 0.638195052985 162
0.545831279616 0.546077725046 163
0.563834484626 0.564012601178 164
0.589315388418 0.589628137037 165
0.598435988697 0.59872402696 166
0.667267591677 0.667442586021 167
0.646529255514 0.646729394026 168
0.616390761449 0.61619126932 169
0.617401804267 0.617489513278 170
0.618756396605 0.619148067186 171
0.64357362572 0.643613010953 172
0.729774194621 0.729837915383 173
0.613010487777 0.613201274715 174
0.692419578715 0.692498185952 175
0.663759906975 0.663463484891 176
0.620229085155 0.620176730713 177
0.557201730309 0.557520270805 178
0.570501231283 0.570805400831 179
0.623076254873 0.623082139878 180
0.629839915113 0.629816505999 181
0.629254372856 0.629227951971 182
0.614111746612 0.613954067256 183
0.65442890478 0.654470461135 184
