   3.6427  -5.4481   777.36      .63     1.00      .00    -5.42     1.00    72.18    -6.29      .00
   3.6398  -5.4505   971.23      .63     1.00      .00    -9.60     1.00   -82.97     2.67      .00
   3.6404  -5.4492   828.20      .66     1.00      .00    -6.04     1.00   -53.53    -2.32      .00
   3.6432  -5.4491   829.75      .63     1.00      .00    -6.11     1.00    98.13    -2.69      .00
   3.6398  -5.4450   557.41      .61     1.00      .00    -6.08     1.00   -82.94   -17.40      .00
   3.6425  -5.4529   784.62      .62     1.00      .00    -5.51     1.00    62.13    11.12      .00
   3.6429  -5.4523   492.36      .62     1.00      .00    -7.34     1.00    82.32     9.02      .00
   3.6424  -5.4512   668.84      .65      .89      .11    -4.87     1.00    54.20     4.92      .00
   3.6429  -5.4464   797.67      .62     1.00      .00    -5.67     1.00    79.71   -12.24      .00
   3.6421  -5.4392   527.63      .55     1.00      .00    -6.71     1.00    35.82   -38.27      .00
   3.6393  -5.4480   674.04      .64      .97      .03    -4.95     1.00  -112.25    -6.39      .00
   3.6399  -5.4509   791.84      .63     1.00      .00    -5.57     1.00   -77.26     3.96      .00
   3.6437  -5.4485   606.87      .65     1.00      .00    -5.38     1.00   121.87    -4.83      .00
   3.6423  -5.4437   706.49      .58      .30      .70    -3.87     1.00    49.77   -22.09      .00
   3.6424  -5.4511   543.24      .65     1.00      .00    -6.25     1.00    56.23     4.60      .00
   3.6423  -5.4564   601.08      .58     1.00      .00    -5.55     1.00    50.24    23.62      .00
   3.6427  -5.4485   587.15      .64     1.00      .00    -5.62     1.00    69.86    -4.75      .00
   3.6405  -5.4502   803.74      .67     1.00      .00    -5.67     1.00   -48.67     1.47      .00
   3.6400  -5.4522   709.22      .63      .46      .54    -4.24     1.00   -74.07     8.51      .00
   3.6424  -5.4434   713.18      .58      .34      .66    -4.03     1.00    55.44   -23.12      .00
   3.6432  -5.4547   780.36      .62     1.00      .00    -5.47     1.00    97.71    17.76      .00
   3.6392  -5.4469   694.98      .64      .14      .86    -3.03     1.00  -116.55   -10.32      .00
   3.6405  -5.4572   551.77      .57     1.00      .00    -6.24     1.00   -47.47    26.59      .00
   3.6426  -5.4461   802.98      .62     1.00      .00    -5.74     1.00    67.68   -13.37      .00
   3.6405  -5.4537   598.36      .62     1.00      .00    -5.51     1.00   -46.80    14.17      .00
   3.6406  -5.4412   751.25      .56      .79      .21    -5.08     1.00   -41.80   -31.10      .00
   3.6427  -5.4519   740.52      .63     1.00      .00    -5.12     1.00    67.94     7.60      .00
   3.6424  -5.4507   569.47      .66     1.00      .00    -5.82     1.00    53.99     3.14      .00
   3.6406  -5.4449   613.56      .60      .99      .01    -5.38     1.00   -43.83   -17.60      .00
   3.6422  -5.4466   802.31      .64     1.00      .00    -5.70     1.00    44.82   -11.41      .00
   3.6422  -5.4585   865.60      .56     1.00      .00    -6.89     1.00    44.91    31.25      .00
   3.6424  -5.4512   700.44      .65      .23      .77    -3.49     1.00    52.90     4.88      .00
   3.6398  -5.4434   644.48      .60      .85      .15    -5.00     1.00   -83.19   -22.96      .00
   3.6392  -5.4642   859.30      .66      .96      .04    -6.43     2.00  -118.94    51.75      .00
   3.6418  -5.4379   696.95      .54      .45      .55    -4.39     2.00    19.63   -42.83      .00
   3.6457  -5.4528   606.29      .81     1.00      .00    -5.18     2.00   232.91    10.66      .00
   3.6428  -5.4637   773.41      .60      .62      .38    -4.96     2.00    75.27    49.99      .00
   3.6456  -5.4538   733.90      .80      .98      .02    -4.88     2.00   227.38    14.46      .00
   3.6417  -5.4626   657.26      .55      .47      .53    -4.49     2.00    16.95    45.96      .00
   3.6411  -5.4623   600.63      .55      .57      .43    -5.06     2.00   -16.34    45.08      .00
   3.6440  -5.4522   587.87      .67     1.00      .00    -5.54     2.00   142.09     8.57      .00
   3.6385  -5.4486   465.75      .69     1.00      .00    -7.61     2.00  -156.87    -4.46      .00
   3.6393  -5.4668   620.08      .68      .67      .33    -4.84     2.00  -111.55    61.30      .00
   3.6416  -5.4349   816.78      .56      .69      .31    -5.60     2.00    11.70   -53.57      .00
   3.6388  -5.4639   801.00      .69      .86      .14    -5.43     2.00  -139.31    50.63      .00
   3.6446  -5.4400   568.27      .72      .99      .01    -5.69     2.00   172.05   -35.16      .00
   3.6431  -5.4659   705.20      .64      .53      .47    -4.40     2.00    91.23    58.07      .00
   3.6382  -5.4582   613.70      .72      .90      .10    -5.13     2.00  -169.35    30.15      .00
   3.6408  -5.4363   730.02      .56      .48      .52    -4.52     2.00   -31.41   -48.56      .00
   3.6438  -5.4505   589.74      .66     1.00      .00    -5.54     2.00   131.74     2.57      .00
   3.6447  -5.4386   384.34      .74     1.00      .00    -9.80     2.00   179.75   -40.26      .00
   3.6448  -5.4476   718.11      .73      .93      .07    -4.86     2.00   183.68    -8.01      .00
   3.6388  -5.4549   734.01      .66      .63      .37    -4.63     2.00  -136.81    18.32      .00
   3.6442  -5.4528   805.09      .68     1.00      .00    -5.64     2.00   149.24    10.98      .00
   3.6425  -5.4387   855.04      .57      .88      .12    -6.41     2.00    59.83   -40.11      .00
   3.6408  -5.4697   596.17      .63      .67      .33    -5.11     2.00   -29.64    71.72      .00
   3.6400  -5.4644   663.08      .61      .51      .49    -4.45     2.00   -75.46    52.41      .00
   3.6426  -5.4384   787.38      .57      .64      .36    -5.17     2.00    63.26   -40.93      .00
   3.6402  -5.4393   391.39      .57     1.00      .00    -9.83     2.00   -64.36   -37.93      .00
   3.6387  -5.4474   561.91      .67     1.00      .00    -5.86     2.00  -141.80    -8.71      .00
   3.6418  -5.4356   595.31      .56      .60      .40    -5.14     2.00    23.65   -50.95      .00
   3.6439  -5.4558   905.68      .66     1.00      .00    -7.39     2.00   135.87    21.64      .00
   3.6417  -5.4684   666.27      .61      .53      .47    -4.47     2.00    16.48    66.85      .00
   3.6439  -5.4484   884.91      .66     1.00      .00    -6.94     2.00   136.12    -5.03      .00
   3.6411  -5.4665   529.24      .58      .82      .18    -6.29     2.00   -15.44    60.01      .00
   3.6334  -5.4595   591.44      .50     1.00      .00    -5.80     3.00  -427.27    34.93      .00
   3.6481  -5.4464   530.85      .50     1.00      .00    -6.56     3.00   361.24   -12.36      .00
   3.6384  -5.4217   860.38      .86     1.00      .00    -6.15     3.00  -162.18  -101.18      .00
   3.6477  -5.4540   693.61      .93      .32      .68    -3.56     3.00   339.11    15.08      .00
   3.6459  -5.4412   799.65      .83     1.00      .00    -5.37     3.00   244.06   -30.82      .00
   3.6357  -5.4684   608.27      .93     1.00      .00    -5.03     3.00  -303.62    67.08      .00
   3.6362  -5.4654   656.54      .89     1.00      .00    -4.79     3.00  -276.71    56.16      .00
   3.6431  -5.4694   710.35      .68      .39      .61    -4.09     3.00    92.34    70.51      .00
   3.6378  -5.4637   814.89      .77     1.00      .00    -5.61     3.00  -191.54    50.05      .00
   3.6359  -5.4532   739.08      .89     1.00      .00    -4.85     3.00  -297.63    12.09      .00
   3.6401  -5.4785   631.12      .79      .99      .01    -5.03     3.00   -66.65   103.31      .00
   3.6375  -5.4738   541.92      .87     1.00      .00    -5.84     3.00  -209.99    86.34      .00
   3.6354  -5.4347   734.66      .93     1.00      .00    -4.79     3.00  -319.78   -54.40      .00
   3.6421  -5.4275   649.26      .68      .85      .15    -4.94     3.00    39.70   -80.29      .00
   3.6382  -5.4663   513.45      .76     1.00      .00    -6.42     3.00  -171.50    59.53      .00
   3.6389  -5.4268   528.61      .77     1.00      .00    -6.16     3.00  -131.05   -82.97      .00
   3.6354  -5.4269   775.42      .95     1.00      .00    -5.01     3.00  -321.18   -82.43      .00
   3.6423  -5.4840   648.72      .86      .94      .06    -4.81     3.00    46.93   123.03      .00
   3.6371  -5.4391   657.68      .82     1.00      .00    -4.88     3.00  -228.64   -38.64      .00
   3.6424  -5.4153   624.94      .86     1.00      .00    -4.98     3.00    54.54  -124.19      .00
   3.6431  -5.4281   898.09      .71     1.00      .00    -7.02     3.00    94.79   -77.99      .00
   3.6471  -5.4414   960.12      .91     1.00      .00    -8.19     3.00   306.60   -30.31      .00
   3.6390  -5.4265   740.39      .77      .98      .02    -4.98     3.00  -130.05   -84.03      .00
   3.6364  -5.4597   571.68      .87     1.00      .00    -5.46     3.00  -268.19    35.62      .00
   3.6496  -5.4394   767.50      .50     1.00      .00    -5.60     3.00   439.24   -37.35      .00
   3.6334  -5.4409   728.28      .50     1.00      .00    -5.38     3.00  -427.94   -32.17      .00
   3.6439  -5.4676   750.17      .72     1.00      .00    -5.12     3.00   134.89    64.09      .00
   3.6441  -5.4205   864.15      .86     1.00      .00    -6.21     3.00   145.68  -105.60      .00
   3.6390  -5.4310   535.39      .71     1.00      .00    -6.13     3.00  -125.66   -67.66      .00
   3.6434  -5.4220   633.71      .81      .99      .01    -4.99     3.00   108.91  -100.07      .00
   3.6458  -5.4610   785.75      .83     1.00      .00    -5.24     3.00   234.75    40.39      .00
   3.6427  -5.4693   705.48      .66      .31      .69    -3.88     3.00    72.79    70.27      .00
   3.6429  -5.4697   983.35      .67     1.00      .00    -9.11     3.00    80.32    71.82      .00
   3.6457  -5.4730   633.76      .89     1.00      .00    -4.91     3.00   232.58    83.68      .00
