0.645975749783 0.64576008297 1
0.607115581908 0.607007697582 2
0.637967518807 0.637982254022 3
0.872180100403 0.872412883322 4
0.636255499881 0.635566106133 5
0.614096325564 0.614298006912 6
0.904708863049 0.904867778018 7
0.693197976705 0.69343485844 8
0.842344113646 0.84251709613 9
0.671234578929 0.671292600901 10
0.698827864985 0.698891030148 11
0.573242438394 0.573158892354 12
0.835517640002 0.835564076241 13
0.809630380077 0.809693939571 14
0.624183624976 0.624154722317 15
0.869567142794 0.869608227676 16
0.668903571255 0.668543009287 17
0.842504122813 0.842747151993 18
0.580285350031 0.580415099278 19
0.707840510627 0.708094395289 20
0.697320670671 0.697400947576 21
0.545196925644 0.545317620534 22
0.684513523965 0.684574046625 23
0.569119609253 0.568689166007 24
0.635293395667 0.635300874586 25
0.612374027738 0.612409182897 26
0.646732509083 0.646439573862 27
0.5 0.5 28
0.921765804651 0.92178768356 29
0.590771067455 0.591054934947 30
0.868992592882 0.869043809363 31
0.906061535227 0.906127378246 32
0.687045652557 0.687143896222 33
0.637284317326 0.637044168592 34
0.5 0.5 35
0.73535946327 0.735764784057 36
0.709792584987 0.709857388725 37
0.893233009556 0.893422820939 38
0.82140689218 0.821633759039 39
0.5 0.5 40
0.655159376473 0.655032741075 41
0.657378936391 0.656924559208 42
0.616746017086 0.616904562283 43
0.60071693434 0.600635542539 44
0.818288386778 0.818337763579 45
0.759691464472 0.759985792992 46
0.95674017451 0.956789712984 47
0.607136578633 0.60759193259 48
0.5 0.5 49
0.867277044811 0.86741845198 50
0.753417499134 0.753574768854 51
0.931248508591 0.931367411615 52
0.865648656756 0.86581419531 53
0.598035187596 0.598432020169 54
0.669710556598 0.669351522472 55
0.662012959672 0.662062996129 56
0.745968364724 0.746093100089 57
0.5 0.5 58
0.833759944148 0.834052504424 59
0.781624808816 0.781952430821 60
0.652135922284 0.65238945576 61
0.916008184577 0.916059727927 62
0.684153523239 0.68426561741 63
0.607603290295 0.607450748844 64
0.743472994627 0.743806387573 65
0.625396136779 0.624793433285 66
0.630563325369 0.630814937598 67
0.620914722746 0.621253503501 68
0.636851178667 0.636449466023 69
0.603620397046 0.60360753222 70
0.664827989505 0.664901347359 71
0.73516758813 0.735239399199 72
0.62772065887 0.627544441804 73
0.9202685437 0.920362620043 74
0.633749765725 0.633764136867 75
0.649286640237 0.649744781641 76
0.5 0.5 77
0.857833393138 0.857928016482 78
0.741965880732 0.74202965763 79
0.629440415683 0.629424775337 80
0.692561611348 0.692670383244 81
0.894936102324 0.895048500033 82
0.64022694095 0.640268781837 83
0.639033305339 0.639051404605 84
0.561425108271 0.561785470445 85
0.623388006363 0.623368506594 86
0.546572455855 0.546661778819 87
0.5 0.5 88
0.5 0.5 89
0.577453086216 0.57691850492 90
0.890788215418 0.890833870992 91
0.5 0.5 92
0.621337784721 0.621217159186 93
0.600211779395 0.600207670104 94
0.651636570292 0.651159159772 95
0.615789988701 0.615657391972 96
0.614979019288 0.615147974887 97
0.632000329194 0.631919214541 98
0.617736922657 0.617511250535 99
0.952102611006 0.952127772499 100
0.644797983084 0.644712977484 101
0.620081050817 0.61977569206 102
0.579078692761 0.578868239975 103
0.667521071702 0.667643657545 104
0.937529746286 0.937550240717 105
0.633036033509 0.633018933584 106
0.627438486186 0.627357709362 107
0.630704893906 0.630287454611 108
0.622492840763 0.621926486015 109
0.662647467342 0.662743140397 110
0.729129991416 0.729461036526 111
0.935319790446 0.935340061862 112
0.924949515022 0.925030598727 113
0.712394983928 0.71250154636 114
0.703616718685 0.703931982101 115
0.797488874271 0.797635960397 116
0.916211443874 0.916279100975 117
0.673476278235 0.673531369052 118
0.550560063022 0.550388313681 119
0.694165576102 0.694491376743 120
0.5 0.5 121
0.563989630006 0.564334159334 122
0.657911848656 0.657958611941 123
0.5 0.5 124
0.63553522145 0.635142719193 125
0.557874030279 0.557586348621 126
0.933197266441 0.933218343783 127
0.950443575505 0.950497566066 128
0.712192795562 0.712260698224 129
0.63336978562 0.63314912352 130
0.643339550196 0.64368569218 131
0.6382094877 0.63833451155 132
0.635948251401 0.635867278646 133
0.630256844912 0.630229145765 134
0.654172613509 0.653620342127 135
0.666740530224 0.666794115224 136
0.631249051967 0.631243634132 137
0.920870471905 0.920947974813 138
0.630834303197 0.630850721331 139
0.608852975723 0.609046401423 140
0.5 0.5 141
0.545244116901 0.545340621381 142
0.582065825571 0.581925156186 143
0.621001184381 0.621024220862 144
0.645405379032 0.645566871895 145
0.814545870919 0.814596950174 146
0.906575434745 0.906615626435 147
0.654153580272 0.654260956802 148
0.659547998153 0.659717626211 149
0.559046830872 0.558807135473 150
0.5 0.5 151
0.793732758507 0.793972780883 152
0.677985580451 0.678074861072 153
0.580114002798 0.579515492568 154
0.780832004132 0.780922667197 155
0.874423474797 0.874474972834 156
0.763897032015 0.763957058072 157
0.570516873881 0.570783042422 158
0.794498361582 0.794762338385 159
0.687087355814 0.687475531916 160
0.839330703859 0.839374639234 161
0.939010418287 0.939081627045 162
0.925758180998 0.925778048037 163
0.643241336843 0.643561034359 164
0.580200822578 0.58047900537 165
0.946092793052 0.946133690628 166
0.591155994186 0.59078977651 167
0.561580434926 0.56189137798 168
0.608756984277 0.608425977823 169
0.755182341477 0.755410023295 170
0.707210150609 0.707274096611 171
0.5 0.5 172
0.657298456637 0.657344270972 173
0.55471979029 0.554913315664 174
0.702284282576 0.702629012785 175
0.601295903395 0.600824561122 176
0.68580225105 0.686048080811 177
0.741580245342 0.741799266224 178
0.661468191652 0.661517112893 179
0.641333253828 0.641553966277 180
0.627314793579 0.627255056202 181
0.5 0.5 182
0.669939002727 0.670289236886 183
0.610982086896 0.610595526334 184
0.660251632736 0.660047976765 185
0.791125699756 0.791255151762 186
0.946958574213 0.947026113433 187
0.582092326387 0.582253079433 188
0.704490607631 0.704553645717 189
0.545687989923 0.545630007199 190
0.625312140399 0.625106153134 191
0.604400894853 0.604325405611 192
0.658017865063 0.658414506003 193
0.637508053289 0.637535910429 194
0.912173437299 0.912283667671 195
0.5740000719 0.574241312623 196
0.61579061381 0.615649067107 197
0.62167384491 0.621111829631 198
0.679779968531 0.679840132447 199
0.735146145863 0.735227402595 200
0.797634807763 0.797989907825 201
0.5 0.5 202
0.589400907734 0.589529062946 203
0.822759827051 0.823025754575 204
0.610480270228 0.610622296902 205
0.5 0.5 206
0.60459360371 0.604628677986 207
0.647602024532 0.647726623965 208
0.571237760207 0.570788562596 209
0.939733150149 0.939782181807 210
0.772126201648 0.77228141533 211
0.622940123593 0.62289486602 212
0.598106838429 0.598289844058 213
0.699243204034 0.69955441012 214
0.974263501115 0.974284808387 215
0.847997739821 0.848074452681 216
0.624230295173 0.624346052874 217
0.625718575895 0.625652550839 218
0.637134422284 0.637153852615 219
0.610901625706 0.610898250717 220
0.630304059581 0.63079269118 221
0.786208685665 0.78626716546 222
0.613471959112 0.613443391002 223
0.629271911903 0.628978122862 224
0.632849446995 0.632856517267 225
0.592585440217 0.592344062198 226
0.698664536136 0.698728232738 227
0.918292875317 0.918413480661 228
0.619798594727 0.6202783911 229
0.610660717563 0.610637496972 230
0.568850027915 0.568697561244 231
0.770234534967 0.770637217907 232
0.58865798119 0.588602701807 233
0.744856844469 0.744924817608 234
0.671592912506 0.671393017368 235
0.767405780534 0.767481923901 236
0.598033016438 0.597932868422 237
0.672939175203 0.672679654887 238
0.63475330714 0.634436516158 239
0.637288523091 0.637192476886 240
0.851356615228 0.851620964009 241
0.589484179241 0.589455740381 242
0.814969647869 0.815118161527 243
0.633507536475 0.633744237761 244
0.574058337709 0.574473440011 245
0.6704062098 0.670477810374 246
0.614132078412 0.613270389795 247
0.567065883099 0.567431217753 248
0.690506815079 0.690569024428 249
0.65100366811 0.650438526043 250
0.657059068825 0.657154151173 251
0.547854173067 0.548105341314 252
0.659900214002 0.659604568787 253
0.908284957333 0.908310716039 254
0.642778725219 0.642817346748 255
0.543985885729 0.544195800498 256
0.688715549191 0.688777316686 257
0.626295472675 0.626164005615 258
0.875015244495 0.875075241489 259
0.792670053706 0.792725009313 260
0.5 0.5 261
0.553233759548 0.553432857739 262
0.613412768632 0.613171004651 263
0.631258664023 0.631186563283 264
0.683709106284 0.684099128528 265
0.5 0.5 266
0.82939652718 0.829497979643 267
0.862539467385 0.862623503737 268
0.968864871093 0.968890904085 269
0.772137231598 0.77250720995 270
0.899509399648 0.899594988442 271
0.595007066443 0.594516294343 272
0.5 0.5 273
0.651158745717 0.65071470138 274
0.603818554228 0.603607010935 275
0.63167788913 0.631674266545 276
0.648011584969 0.648091003773 277
0.838134587051 0.838181409496 278
0.957638169205 0.957679872705 279
0.578750538557 0.579135512573 280
0.586076131017 0.585742786768 281
0.5 0.5 282
0.578526568388 0.578901431909 283
0.666445534679 0.666497917731 284
0.622464085664 0.622656395169 285
0.58714221888 0.586571275905 286
0.548267484201 0.548513553515 287
0.797347223701 0.797620593605 288
0.645005703318 0.645034976266 289
0.570200671595 0.570472359289 290
0.704018393864 0.704081669531 291
0.801700599737 0.801769124752 292
0.734733820437 0.734984449668 293
0.710301186612 0.710757355939 294
0.572543912896 0.572322391995 295
0.630535784039 0.630522021016 296
0.551349306545 0.551646925559 297
0.610366752298 0.610832512618 298
0.627220324874 0.627217826627 299
0.691663139871 0.691782172836 300
0.748776288479 0.748916966248 301
0.590481432101 0.590174382675 302
0.636035418981 0.636052996857 303
0.547295713768 0.547373607488 304
0.66458167854 0.664681614729 305
0.743882923763 0.743963492566 306
0.758434530122 0.75878913729 307
0.757597942358 0.7579762641 308
0.57396205401 0.574324374979 309
0.638978355016 0.638914480442 310
0.606008759471 0.605838375123 311
0.622312821352 0.622600120227 312
0.660790400529 0.661039515248 313
0.720231543576 0.720298184425 314
0.549079906131 0.549275126074 315
0.864848786845 0.864992956962 316
0.693756039462 0.694194796634 317
0.656469713835 0.656927209029 318
0.613676405244 0.613767651124 319
0.605075646106 0.60554656252 320
0.613388769702 0.613726923319 321
0.617096975139 0.617407025166 322
0.655436990635 0.654899992313 323
0.548258209865 0.548250649743 324
0.764780443329 0.764896912337 325
0.557964210631 0.558082546857 326
0.617105057912 0.616753135335 327
0.645275298758 0.645316584845 328
0.65921917983 0.65926898648 329
0.564167544834 0.564461072156 330
0.595928355606 0.595715436085 331
0.653392798773 0.653766970829 332
0.832848638311 0.832894751708 333
0.742159092686 0.742227656903 334
0.568141573202 0.56837635949 335
0.575842794944 0.5762216215 336
0.758944681255 0.759124587287 337
0.647470732683 0.647513170277 338
0.569612339874 0.569904747778 339
0.592101763044 0.59246700527 340
0.55078949687 0.551078834414 341
0.618433459102 0.618350668398 342
0.591482903901 0.591416082093 343
0.664513116583 0.664567123785 344
0.613276735865 0.613731910183 345
0.580152528745 0.579785869778 346
0.671804613088 0.671859698711 347
0.684686542828 0.684751458189 348
0.553513819522 0.553816649175 349
0.631000741181 0.630993669001 350
0.669451967793 0.669516993195 351
0.635864052539 0.635881448341 352
0.851326460539 0.851460304665 353
0.641152274903 0.64118761812 354
0.666371414728 0.666440015112 355
0.748741438188 0.748812304249 356
0.5 0.5 357
0.631813750498 0.631803970054 358
0.875863131153 0.876080979235 359
0.589020925898 0.589462938867 360
0.770876055123 0.771164746425 361
0.677960038045 0.678054450874 362
0.656953464271 0.657196661529 363
0.681060839011 0.681253996031 364
0.785521484799 0.785858268972 365
0.697208847389 0.697273581223 366
0.615843753097 0.615476167874 367
0.601777465438 0.602243994821 368
0.667327197326 0.667379725194 369
0.644705863242 0.643986629705 370
0.849762571811 0.850027661154 371
0.66415726425 0.664562327399 372
0.690668453442 0.69095042346 373
0.626052245093 0.626387463158 374
0.820042822346 0.820092146969 375
0.697875299562 0.697939552572 376
0.566063311459 0.566219786082 377
0.565140662019 0.564977916207 378
0.858163357429 0.858234485143 379
0.614827488723 0.615113099267 380
0.822806862812 0.823050182246 381
0.588613472278 0.588310441152 382
0.622440937595 0.622126098117 383
0.871664413578 0.871705086778 384
0.786741489392 0.78679710325 385
0.660516410703 0.660941942087 386
0.727627310263 0.727758606549 387
0.600680832039 0.6009876321 388
0.657872281405 0.65759561688 389
0.642266895154 0.642304563153 390
0.685995458169 0.686447202014 391
0.778179887718 0.778284331705 392
0.63396417434 0.633938766476 393
0.646810798749 0.646909809168 394
0.656789706359 0.656837941289 395
0.696739350362 0.696863678863 396
0.604131855186 0.604325901543 397
0.714614551924 0.714861098814 398
0.578443893746 0.578835564453 399
0.575965521887 0.575937825055 400
