0.0905696797565 0.0904816171034 1
0.084821127886 0.0848902054304 2
0.109423935252 0.109639972258 3
0.0925715526 0.0924327330304 4
0.100174110891 0.0999536519049 5
0.5 0.5 6
0.0761157912369 0.0761213009089 7
0.101902426396 0.101783820594 8
0.177676192902 0.178340882725 9
0.109006315342 0.108924162749 10
0.0766293882528 0.0766064255733 11
0.5 0.5 12
0.138954796101 0.139229923173 13
0.108625745691 0.108942809126 14
0.142785151814 0.143284609402 15
0.0901049504905 0.0901033971506 16
0.0897964678872 0.0897484257252 17
0.133521147503 0.133907102464 18
0.140028138015 0.14046034942 19
0.134762966175 0.134918018831 20
0.109481376944 0.109326397665 21
0.0810390557643 0.080969023807 22
0.162645642433 0.163218092509 23
0.104128988631 0.103879935106 24
0.0889359679943 0.0889560393557 25
0.0929315528815 0.0928705325861 26
0.0974875517649 0.0972913981832 27
0.156023794188 0.156273696056 28
0.0890602471693 0.0892076671265 29
0.0825768911802 0.0825878415511 30
0.1928617443 0.193699130957 31
0.080448197923 0.0804125804872 32
0.104298374379 0.104402227685 33
0.0979858386364 0.0982151427071 34
0.197054147247 0.197798015176 35
0.10614790522 0.106284415784 36
0.0960412002116 0.0961734964968 37
0.0756628424315 0.0756585699668 38
0.0759598620991 0.0759769362207 39
0.124738443291 0.124967172002 40
0.116483502312 0.116780756547 41
0.095027801683 0.0948970618208 42
0.0955887715121 0.0955418771399 43
0.0869763234289 0.0869383641333 44
0.131360733758 0.131617297672 45
0.164754117575 0.165360684646 46
0.0827145608464 0.0827602453973 47
0.115334962561 0.115421013406 48
0.0805502672586 0.0806117624175 49
0.0859022920272 0.0857948474967 50
0.144684204525 0.145041489172 51
0.110445410789 0.110634529426 52
0.0980490218586 0.0978466056629 53
0.107469289764 0.107644318413 54
0.0964065629237 0.0965101884851 55
0.0922312010677 0.0924031348452 56
0.0946815025043 0.094514219564 57
0.162081604549 0.162321584006 58
0.121351620709 0.121757988913 59
0.315088150057 0.316596548339 60
0.104845170749 0.105055983986 61
0.128682443135 0.129117576506 62
0.0873780633266 0.0872812771222 63
0.11704529908 0.116973498531 64
0.0971134011328 0.0969242710936 65
0.0894007800583 0.0895374307534 66
0.171015182578 0.171784131188 67
0.105942540616 0.106155623007 68
0.0873689451732 0.0874932140667 69
0.115213464125 0.115416625768 70
0.155337997942 0.155647852521 71
0.081835815746 0.0818988490084 72
0.0943868953737 0.0943593879453 73
0.0845297456968 0.0844300833428 74
0.0977557405507 0.0978911936056 75
0.102854155859 0.102863349228 76
0.0994207531271 0.0992841339503 77
0.620604539636 0.622130760135 78
0.11339103874 0.113285188739 79
0.0776881863088 0.0776625163248 80
0.103726895729 0.103953047187 81
0.11024745261 0.11026627439 82
0.112399967186 0.112592970916 83
0.0794725541642 0.0794484071083 84
0.231991953723 0.233151026149 85
0.0836788268576 0.0836165435903 86
0.0924780879123 0.092576321891 87
0.0764141638226 0.0764370868279 88
0.112652267297 0.112475250587 89
0.136397604596 0.13656540399 90
0.0938732319545 0.0939108568399 91
0.102114341079 0.102069108032 92
0.0930756040115 0.0929221373071 93
0.141025157535 0.141373053794 94
0.0764944128676 0.0764937971928 95
0.097625884313 0.0975673690259 96
0.125360386514 0.125349395687 97
0.704627527756 0.705975203403 98
0.223562314235 0.22462509487 99
0.117238132716 0.117405070371 100
0.536555517245 0.538332582412 101
0.0775198465896 0.0774956081503 102
0.107554962087 0.107770729684 103
0.113676860333 0.114007271065 104
0.0923292718959 0.0922000062377 105
0.141945298729 0.142435420824 106
0.0865812550701 0.0866440486185 107
0.126589773011 0.127028436797 108
0.0759797878931 0.0759666453433 109
0.10689883758 0.107086461258 110
0.0783769134688 0.0783973930326 111
0.0966228866103 0.0964321804397 112
0.130819983618 0.130906307955 113
0.135067010307 0.13538643303 114
0.134844667862 0.134960649707 115
0.148855798511 0.149152698005 116
0.087504345291 0.0875075153007 117
0.605800355449 0.607459589952 118
0.0951905549153 0.0950981146097 119
0.0862828110207 0.0863577263334 120
0.0794276315317 0.0794813689514 121
0.0963984886705 0.0965132378077 122
0.10908966348 0.109258420765 123
0.0775753522489 0.0776100611118 124
0.17096572901 0.171300139889 125
0.088391336495 0.0884057400095 126
0.123310557805 0.12325750309 127
0.163868201871 0.164474050916 128
0.17823722833 0.178503809118 129
0.077135451702 0.0771076129817 130
0.13824474281 0.138569237265 131
0.117193008639 0.117436990365 132
0.144281136892 0.144505075576 133
0.101187890528 0.1009628355 134
0.104229276865 0.104169063855 135
0.127382802605 0.127822444503 136
0.194679909186 0.1956041448 137
0.208026513531 0.20890891182 138
0.11553248108 0.115549620555 139
0.0765027649462 0.0765202703138 140
0.0800668497271 0.0801267088944 141
0.181343214882 0.182149580597 142
0.0846034817357 0.0847074059621 143
0.095828839811 0.0958008796741 144
0.0969033468224 0.0970339562641 145
0.133840358492 0.13425565125 146
0.137494555752 0.137712499409 147
0.091020370018 0.091055559713 148
0.161740962311 0.16219811482 149
0.202007803255 0.202958503456 150
0.0889519310546 0.0888346937078 151
0.084193873172 0.0841181250926 152
0.0766363675073 0.0766320304455 153
0.160496181932 0.160928537319 154
0.405539682807 0.407315723646 155
0.117336375732 0.117583012079 156
0.0920187897662 0.0920164444359 157
0.0756119809455 0.075620521929 158
0.0941969853183 0.0942273231062 159
0.148121536332 0.148346477193 160
0.108791211324 0.10873137787 161
0.10033583905 0.100158380841 162
0.211284945455 0.211586127946 163
0.094876015532 0.0950108986544 164
0.104795889803 0.10480721279 165
0.146477139674 0.146905038524 166
0.127294141803 0.127747034108 167
0.107068513502 0.106853840142 168
0.116987108932 0.117183746163 169
0.158523365309 0.159098720607 170
0.0795923221379 0.0796468061531 171
0.156135859305 0.156508356343 172
0.0974627818399 0.0972660647201 173
0.183929197562 0.184266716174 174
0.0985785085554 0.098390251451 175
0.105682903178 0.10576341529 176
0.144123388915 0.144650055296 177
0.101571244755 0.101828154843 178
0.0778252767156 0.0778060803017 179
0.114734620537 0.115038962345 180
0.111811012298 0.112125157051 181
0.0850639427957 0.0850762185446 182
0.0957011921206 0.0959003025664 183
0.123630317341 0.123993213827 184
0.0874294731654 0.0875231507213 185
0.11337556567 0.113673490404 186
0.0900218673611 0.0901092153995 187
0.141686252761 0.141932679881 188
0.116991347541 0.116889472125 189
0.4521624034 0.453720139772 190
0.0907149946097 0.0908231363447 191
0.155815412188 0.156274728523 192
0.112161616968 0.112317185835 193
