#_RAJ2000   _DEJ2000  Name     rh rm rs     dg dm ds       HV     mag    Simba   
151.2125   -7.7492  N3115-001  10 04 51.0  -07 44 57.0   645.58  99.99  Simbad
151.2287   -7.7321  N3115-002  10 04 54.9  -07 43 55.5   845.18  18.96  Simbad
151.2312   -7.7271  N3115-003  10 04 55.5  -07 43 37.4   307.08  19.10  Simbad
151.2379   -7.7730  N3115-004  10 04 57.1  -07 46 22.8   568.28  18.65  Simbad
151.2458   -7.7609  N3115-005  10 04 59.0  -07 45 39.1   881.48  18.34  Simbad
151.2467   -7.7636  N3115-006  10 04 59.2  -07 45 48.8   623.68  17.54  Simbad
151.2492   -7.7422  N3115-007  10 04 59.8  -07 44 32.0   414.88  18.52  Simbad
151.2517   -7.7409  N3115-008  10 05 00.4  -07 44 27.3   653.48  17.83  Simbad
151.2533   -7.6765  N3115-009  10 05 00.8  -07 40 35.3   951.58  18.25  Simbad
151.2533   -7.7703  N3115-010  10 05 00.8  -07 46 12.9   564.38  18.94  Simbad
151.2558   -7.7582  N3115-011  10 05 01.4  -07 45 29.7   506.48  18.16  Simbad
151.2563   -7.7455  N3115-012  10 05 01.5  -07 44 43.8   668.08  17.39  Simbad
151.2583   -7.7415  N3115-013  10 05 02.0  -07 44 29.5   453.78  99.99  Simbad
151.2617   -7.7468  N3115-014  10 05 02.8  -07 44 48.4   489.48  18.82  Simbad
151.2646   -7.7768  N3115-015  10 05 03.5  -07 46 36.4   455.78  18.87  Simbad
151.2658   -7.7102  N3115-016  10 05 03.8  -07 42 36.6   573.68  18.97  Simbad
151.2679   -7.7634  N3115-017  10 05 04.3  -07 45 48.1   655.98  19.08  Simbad
151.2683   -7.7063  N3115-018  10 05 04.4  -07 42 22.8   288.58  19.80  Simbad
151.2692   -7.6828  N3115-019  10 05 04.6  -07 40 58.2   636.08  18.98  Simbad
151.2704   -7.7648  N3115-020  10 05 04.9  -07 45 53.3   392.18  19.15  Simbad
151.2704   -7.6966  N3115-021  10 05 04.9  -07 41 47.6   736.08  19.21  Simbad
151.2712   -7.7614  N3115-022  10 05 05.1  -07 45 40.9   310.38  17.60  Simbad
151.2717   -7.7244  N3115-023  10 05 05.2  -07 43 27.9   648.78  17.96  Simbad
151.2725   -7.7301  N3115-024  10 05 05.4  -07 43 48.2   527.08  17.74  Simbad
151.2729   -7.7182  N3115-025  10 05 05.5  -07 43 05.5   646.48  18.92  Simbad
151.2729   -7.7765  N3115-026  10 05 05.5  -07 46 35.3   473.88  19.03  Simbad
151.2733   -7.6807  N3115-027  10 05 05.6  -07 40 50.7   720.48  18.19  Simbad
151.2738   -7.6969  N3115-028  10 05 05.7  -07 41 48.8   683.08  19.24  Simbad
151.2742   -7.7684  N3115-029  10 05 05.8  -07 46 06.4   567.38  18.74  Simbad
151.2750   -7.6974  N3115-030  10 05 06.0  -07 41 50.7   698.68  20.31  Simbad
151.2762   -7.6997  N3115-031  10 05 06.3  -07 41 59.0   633.68  17.83  Simbad
151.2762   -7.7507  N3115-032  10 05 06.3  -07 45 02.7   503.78  18.11  Simbad
151.2767   -7.6805  N3115-033  10 05 06.4  -07 40 49.7   613.68  17.63  Simbad
151.2771   -7.7591  N3115-034  10 05 06.5  -07 45 32.8   354.28  18.23  Simbad
151.2787   -7.7459  N3115-035  10 05 06.9  -07 44 45.3   550.48  17.76  Simbad
151.2792   -7.7653  N3115-036  10 05 07.0  -07 45 55.2   438.78  18.91  Simbad
151.2796   -7.7230  N3115-037  10 05 07.1  -07 43 22.7   354.08  17.97  Simbad
151.2808   -7.6571  N3115-038  10 05 07.4  -07 39 25.7   449.88  18.67  Simbad
151.2808   -7.7604  N3115-039  10 05 07.4  -07 45 37.3   407.28  18.17  Simbad
151.2812   -7.7094  N3115-040  10 05 07.5  -07 42 33.7   708.28  18.95  Simbad
151.2825   -7.6841  N3115-041  10 05 07.8  -07 41 02.9   558.38  17.95  Simbad
151.2829   -7.7551  N3115-042  10 05 07.9  -07 45 18.5   379.88  18.52  Simbad
151.2829   -7.7498  N3115-043  10 05 07.9  -07 44 59.2   390.98  18.20  Simbad
151.2837   -7.7278  N3115-044  10 05 08.1  -07 43 40.1   279.98  18.01  Simbad
151.2837   -7.7470  N3115-045  10 05 08.1  -07 44 49.1   598.98  17.96  Simbad
151.2837   -7.7347  N3115-046  10 05 08.1  -07 44 05.0   263.18  17.54  Simbad
151.2842   -7.7153  N3115-047  10 05 08.2  -07 42 55.0   362.78  18.21  Simbad
151.2850   -7.6999  N3115-048  10 05 08.4  -07 41 59.5   894.48  19.20  Simbad
151.2854   -7.7874  N3115-049  10 05 08.5  -07 47 14.6   633.98  99.99  Simbad
151.2854   -7.7244  N3115-050  10 05 08.5  -07 43 27.7   404.28  18.16  Simbad
151.2858   -7.6403  N3115-051  10 05 08.6  -07 38 25.2   734.58  19.28  Simbad
151.2862   -7.7443  N3115-052  10 05 08.7  -07 44 39.6   968.78  18.07  Simbad
151.2871   -7.7963  N3115-053  10 05 08.9  -07 47 46.8   429.48  18.95  Simbad
151.2871   -7.7131  N3115-054  10 05 08.9  -07 42 47.3   708.68  18.09  Simbad
151.2871   -7.7394  N3115-055  10 05 08.9  -07 44 21.9   420.68  17.92  Simbad
151.2875   -7.7439  N3115-056  10 05 09.0  -07 44 38.2   434.68  17.86  Simbad
151.2875   -7.7038  N3115-057  10 05 09.0  -07 42 13.7   528.28  18.65  Simbad
151.2879   -7.7472  N3115-058  10 05 09.1  -07 44 50.1   590.88  17.89  Simbad
151.2887   -7.7044  N3115-059  10 05 09.3  -07 42 15.9   715.68  17.75  Simbad
151.2887   -7.7382  N3115-060  10 05 09.3  -07 44 17.6   146.18  17.79  Simbad
151.2887   -7.7512  N3115-061  10 05 09.3  -07 45 04.3   599.18  17.94  Simbad
151.2896   -7.7216  N3115-062  10 05 09.5  -07 43 17.6   148.18  17.22  Simbad
151.2904   -7.7350  N3115-063  10 05 09.7  -07 44 06.1   469.08  17.04  Simbad
151.2904   -7.7447  N3115-064  10 05 09.7  -07 44 40.9   479.28  17.65  Simbad
151.2904   -7.7381  N3115-065  10 05 09.7  -07 44 17.0   718.18  17.93  Simbad
151.2913   -7.6259  N3115-066  10 05 09.9  -07 37 33.4   795.88  18.90  Simbad
151.2917   -7.7588  N3115-067  10 05 10.0  -07 45 31.8   587.28  18.56  Simbad
151.2925   -7.7656  N3115-068  10 05 10.2  -07 45 56.3   698.78  18.08  Simbad
151.2929   -7.6994  N3115-069  10 05 10.3  -07 41 58.0   323.48  18.33  Simbad
151.2933   -7.7408  N3115-070  10 05 10.4  -07 44 26.7   307.08  18.42  Simbad
151.2933   -7.6773  N3115-071  10 05 10.4  -07 40 38.2   639.88  18.73  Simbad
151.2937   -7.6998  N3115-072  10 05 10.5  -07 41 59.3   706.18  18.26  Simbad
151.2937   -7.7331  N3115-073  10 05 10.5  -07 43 59.2   437.08  16.99  Simbad
151.2946   -7.8017  N3115-074  10 05 10.7  -07 48 06.3   445.78  18.29  Simbad
151.2946   -7.6865  N3115-075  10 05 10.7  -07 41 11.4   528.48  18.84  Simbad
151.2979   -7.6844  N3115-076  10 05 11.5  -07 41 03.9   409.08  18.35  Simbad
151.2983   -7.7392  N3115-077  10 05 11.6  -07 44 21.2   625.48  17.64  Simbad
151.2983   -7.7415  N3115-078  10 05 11.6  -07 44 29.5   552.98  18.22  Simbad
151.2983   -7.7490  N3115-079  10 05 11.6  -07 44 56.4   535.98  18.67  Simbad
151.3000   -7.6772  N3115-080  10 05 12.0  -07 40 37.8   807.18  18.70  Simbad
151.3000   -7.6803  N3115-081  10 05 12.0  -07 40 49.0   637.28  18.22  Simbad
151.3004   -7.6975  N3115-082  10 05 12.1  -07 41 50.9   843.88  18.83  Simbad
151.3008   -7.7047  N3115-083  10 05 12.2  -07 42 16.8   590.98  17.53  Simbad
151.3012   -7.7440  N3115-084  10 05 12.3  -07 44 38.4   593.08  18.44  Simbad
151.3037   -7.6120  N3115-085  10 05 12.9  -07 36 43.2   557.38  17.82  Simbad
151.3054   -7.7356  N3115-086  10 05 13.3  -07 44 08.0   288.08  17.88  Simbad
151.3058   -7.7466  N3115-087  10 05 13.4  -07 44 47.9   147.98  18.60  Simbad
151.3067   -7.7319  N3115-088  10 05 13.6  -07 43 54.8   623.98  17.12  Simbad
151.3067   -7.6345  N3115-089  10 05 13.6  -07 38 04.2   375.48  18.47  Simbad
151.3067   -7.7376  N3115-090  10 05 13.6  -07 44 15.4   534.18  18.92  Simbad
151.3096   -7.7396  N3115-091  10 05 14.3  -07 44 22.4   627.08  17.91  Simbad
151.3096   -7.6841  N3115-092  10 05 14.3  -07 41 02.6   462.48  18.01  Simbad
151.3104   -7.6984  N3115-093  10 05 14.5  -07 41 54.2   696.38  17.12  Simbad
151.3112   -7.6804  N3115-094  10 05 14.7  -07 40 49.3   763.88  18.76  Simbad
151.3125   -7.7515  N3115-095  10 05 15.0  -07 45 05.4  1083.48  17.62  Simbad
151.3129   -7.6691  N3115-096  10 05 15.1  -07 40 08.7   860.48  19.45  Simbad
151.3154   -7.6913  N3115-097  10 05 15.7  -07 41 28.8   931.58  18.27  Simbad
151.3158   -7.7437  N3115-098  10 05 15.8  -07 44 37.5   552.38  18.19  Simbad
151.3162   -7.6833  N3115-099  10 05 15.9  -07 40 59.7   666.38  17.91  Simbad
151.3167   -7.6717  N3115-100  10 05 16.0  -07 40 18.1   432.68  18.34  Simbad
151.3171   -7.7605  N3115-101  10 05 16.1  -07 45 37.7   704.38  19.19  Simbad
151.3175   -7.6838  N3115-102  10 05 16.2  -07 41 01.8   660.28  19.16  Simbad
151.3179   -7.6852  N3115-103  10 05 16.3  -07 41 06.9   890.78  17.97  Simbad
151.3183   -7.6952  N3115-104  10 05 16.4  -07 41 42.7  1017.68  17.86  Simbad
151.3183   -7.6891  N3115-105  10 05 16.4  -07 41 20.6   297.58  18.04  Simbad
151.3196   -7.7379  N3115-106  10 05 16.7  -07 44 16.3   683.28  18.29  Simbad
151.3200   -7.7534  N3115-107  10 05 16.8  -07 45 12.3   707.68  18.71  Simbad
151.3225   -7.6806  N3115-108  10 05 17.4  -07 40 50.0   836.48  18.76  Simbad
151.3225   -7.6930  N3115-109  10 05 17.4  -07 41 34.7   853.18  18.21  Simbad
151.3229   -7.6895  N3115-110  10 05 17.5  -07 41 22.1   815.98  18.90  Simbad
151.3229   -7.6698  N3115-111  10 05 17.5  -07 40 11.4   672.28  19.01  Simbad
151.3233   -7.6343  N3115-112  10 05 17.6  -07 38 03.5   868.98  18.12  Simbad
151.3233   -7.7175  N3115-113  10 05 17.6  -07 43 02.9   662.38  17.63  Simbad
151.3242   -7.7504  N3115-114  10 05 17.8  -07 45 01.5   811.48  17.82  Simbad
151.3250   -7.6880  N3115-115  10 05 18.0  -07 41 16.7   843.78  18.78  Simbad
151.3250   -7.6880  N3115-116  10 05 18.0  -07 41 16.7   843.78  18.78  Simbad
151.3254   -7.6891  N3115-117  10 05 18.1  -07 41 20.8   717.98  19.01  Simbad
151.3258   -7.6682  N3115-118  10 05 18.2  -07 40 05.7   738.48  17.56  Simbad
151.3262   -7.7133  N3115-119  10 05 18.3  -07 42 47.8   864.78  18.69  Simbad
151.3267   -7.6862  N3115-120  10 05 18.4  -07 41 10.2   912.08  17.64  Simbad
151.3267   -7.6993  N3115-121  10 05 18.4  -07 41 57.5   790.98  17.70  Simbad
151.3271   -7.7562  N3115-122  10 05 18.5  -07 45 22.3   574.68  17.79  Simbad
151.3275   -7.7045  N3115-123  10 05 18.6  -07 42 16.3   542.58  18.25  Simbad
151.3275   -7.6679  N3115-124  10 05 18.6  -07 40 04.3   669.88  19.83  Simbad
151.3283   -7.7080  N3115-125  10 05 18.8  -07 42 28.9   698.98  18.17  Simbad
151.3287   -7.6861  N3115-126  10 05 18.9  -07 41 10.1   929.28  18.89  Simbad
151.3292   -7.7350  N3115-127  10 05 19.0  -07 44 06.1   532.18  18.23  Simbad
151.3292   -7.7165  N3115-128  10 05 19.0  -07 42 59.4   996.08  99.99  Simbad
151.3300   -7.7007  N3115-129  10 05 19.2  -07 42 02.5   813.48  17.62  Simbad
151.3304   -7.6961  N3115-130  10 05 19.3  -07 41 45.9   755.88  18.21  Simbad
151.3312   -7.7075  N3115-131  10 05 19.5  -07 42 26.9   869.98  17.37  Simbad
151.3321   -7.7501  N3115-132  10 05 19.7  -07 45 00.2   719.08  18.89  Simbad
151.3329   -7.6927  N3115-133  10 05 19.9  -07 41 33.6   677.58  18.30  Simbad
151.3333   -7.6997  N3115-134  10 05 20.0  -07 41 59.0   784.18  19.46  Simbad
151.3333   -7.6854  N3115-135  10 05 20.0  -07 41 07.5   650.08  17.70  Simbad
151.3346   -7.7133  N3115-136  10 05 20.3  -07 42 48.0   920.08  18.33  Simbad
151.3358   -7.7081  N3115-137  10 05 20.6  -07 42 29.0   864.38  18.11  Simbad
151.3375   -7.6686  N3115-138  10 05 21.0  -07 40 07.0   778.88  17.91  Simbad
151.3383   -7.6777  N3115-139  10 05 21.2  -07 40 39.6   697.58  17.49  Simbad
151.3383   -7.7120  N3115-140  10 05 21.2  -07 42 43.2   572.58  17.68  Simbad
151.3388   -7.7181  N3115-141  10 05 21.3  -07 43 05.2   980.88  19.25  Simbad
151.3392   -7.7139  N3115-142  10 05 21.4  -07 42 50.2   978.48  18.21  Simbad
151.3396   -7.6985  N3115-143  10 05 21.5  -07 41 54.5   691.68  18.26  Simbad
151.3412   -7.6927  N3115-144  10 05 21.9  -07 41 33.9   803.58  18.48  Simbad
151.3425   -7.6748  N3115-145  10 05 22.2  -07 40 29.4   538.48  18.30  Simbad
151.3425   -7.7782  N3115-146  10 05 22.2  -07 46 41.5   779.68  18.20  Simbad
151.3425   -7.7712  N3115-147  10 05 22.2  -07 46 16.2   630.58  19.56  Simbad
151.3433   -7.6884  N3115-148  10 05 22.4  -07 41 18.4   427.68  19.06  Simbad
151.3462   -7.6711  N3115-149  10 05 23.1  -07 40 15.9   380.98  18.59  Simbad
151.3467   -7.6889  N3115-150  10 05 23.2  -07 41 20.0   798.58  18.13  Simbad
151.3479   -7.7131  N3115-151  10 05 23.5  -07 42 47.1   787.08  19.01  Simbad
151.3483   -7.6521  N3115-152  10 05 23.6  -07 39 07.7   796.48  18.88  Simbad
151.3487   -7.6731  N3115-153  10 05 23.7  -07 40 23.3   664.08  17.53  Simbad
151.3517   -7.6917  N3115-154  10 05 24.4  -07 41 30.3   731.48  18.04  Simbad
151.3517   -7.6943  N3115-155  10 05 24.4  -07 41 39.5   570.78  19.05  Simbad
151.3533   -7.7105  N3115-156  10 05 24.8  -07 42 37.7   733.78  18.42  Simbad
151.3537   -7.7175  N3115-157  10 05 24.9  -07 43 03.1   747.68  18.45  Simbad
151.3537   -7.7239  N3115-158  10 05 24.9  -07 43 26.2   641.88  19.02  Simbad
151.3542   -7.6564  N3115-159  10 05 25.0  -07 39 23.0   627.38  17.53  Simbad
151.3546   -7.6610  N3115-160  10 05 25.1  -07 39 39.6   842.48  18.21  Simbad
151.3562   -7.7051  N3115-161  10 05 25.5  -07 42 18.3   739.68  18.80  Simbad
151.3567   -7.6904  N3115-162  10 05 25.6  -07 41 25.5   646.98  18.48  Simbad
151.3575   -7.7152  N3115-163  10 05 25.8  -07 42 54.8   698.88  18.17  Simbad
151.3583   -7.7094  N3115-164  10 05 26.0  -07 42 33.8   770.88  18.88  Simbad
151.3583   -7.6980  N3115-165  10 05 26.0  -07 41 52.8   777.78  18.38  Simbad
151.3587   -7.6774  N3115-166  10 05 26.1  -07 40 38.6   806.78  18.56  Simbad
151.3592   -7.6755  N3115-167  10 05 26.2  -07 40 31.7   693.28  18.81  Simbad
151.3604   -7.6842  N3115-168  10 05 26.5  -07 41 03.3   414.18  18.01  Simbad
151.3625   -7.6749  N3115-169  10 05 27.0  -07 40 29.7   608.68  17.63  Simbad
151.3625   -7.6583  N3115-170  10 05 27.0  -07 39 30.0   914.28  19.89  Simbad
151.3650   -7.6832  N3115-171  10 05 27.6  -07 40 59.5   915.58  17.58  Simbad
151.3654   -7.6869  N3115-172  10 05 27.7  -07 41 12.7   871.78  17.61  Simbad
151.3654   -7.6635  N3115-173  10 05 27.7  -07 39 48.5   699.78  18.41  Simbad
151.3688   -7.6948  N3115-174  10 05 28.5  -07 41 41.1   519.18  18.94  Simbad
151.3692   -7.6741  N3115-175  10 05 28.6  -07 40 26.8   757.68  20.16  Simbad
151.3721   -7.6711  N3115-176  10 05 29.3  -07 40 16.0   767.88  18.45  Simbad
151.3725   -7.6726  N3115-177  10 05 29.4  -07 40 21.4   841.48  17.62  Simbad
151.3787   -7.7186  N3115-178  10 05 30.9  -07 43 06.9   389.88  19.30  Simbad
151.3808   -7.6926  N3115-179  10 05 31.4  -07 41 33.5   617.38  21.02  Simbad
151.3854   -7.7497  N3115-180  10 05 32.5  -07 44 59.0   687.98  19.20  Simbad
151.3896   -7.6909  N3115-181  10 05 33.5  -07 41 27.2   942.08  17.98  Simbad
151.3925   -7.7186  N3115-182  10 05 34.2  -07 43 06.8   623.58  18.60  Simbad
151.3933   -7.7329  N3115-183  10 05 34.4  -07 43 58.6   541.08  19.36  Simbad
151.3979   -7.7338  N3115-184  10 05 35.5  -07 44 01.6   182.88  18.02  Simbad
151.3983   -7.6917  N3115-185  10 05 35.6  -07 41 30.3   736.48  18.99  Simbad
151.3987   -7.6811  N3115-186  10 05 35.7  -07 40 51.8   475.88  17.03  Simbad
151.4000   -7.7074  N3115-187  10 05 36.0  -07 42 26.7   637.68  18.27  Simbad
151.4008   -7.6911  N3115-188  10 05 36.2  -07 41 28.1   804.58  17.56  Simbad
151.4021   -7.6971  N3115-189  10 05 36.5  -07 41 49.7   722.08  19.17  Simbad
345.1779  +30.1696  N7457-001  23 00 42.7  +30 10 10.7   993.94  20.40  Simbad
345.2012  +30.1495  N7457-002  23 00 48.3  +30 08 58.2   870.64  20.24  Simbad
345.2129  +30.1553  N7457-003  23 00 51.1  +30 09 19.0   886.94  19.50  Simbad
345.2142  +30.1622  N7457-004  23 00 51.4  +30 09 44.1   939.94  19.69  Simbad
345.2254  +30.1286  N7457-005  23 00 54.1  +30 07 43.0   791.54  20.31  Simbad
345.2267  +30.1627  N7457-006  23 00 54.4  +30 09 45.7   919.74  19.06  Simbad
345.2287  +30.1560  N7457-007  23 00 54.9  +30 09 21.5   938.24  19.68  Simbad
345.2287  +30.1571  N7457-008  23 00 54.9  +30 09 25.7   915.04  19.39  Simbad
345.2308  +30.1566  N7457-009  23 00 55.4  +30 09 23.6   930.24  20.49  Simbad
345.2321  +30.1569  N7457-010  23 00 55.7  +30 09 24.9   948.64  19.84  Simbad
345.2333  +30.1556  N7457-011  23 00 56.0  +30 09 20.3   942.04  19.77  Simbad
345.2337  +30.1632  N7457-012  23 00 56.1  +30 09 47.6   907.74  19.68  Simbad
345.2342  +30.1463  N7457-013  23 00 56.2  +30 08 46.6   885.24  19.57  Simbad
345.2350  +30.1526  N7457-014  23 00 56.4  +30 09 09.2   905.94  19.61  Simbad
345.2354  +30.1414  N7457-015  23 00 56.5  +30 08 29.0   890.34  19.21  Simbad
345.2362  +30.1379  N7457-016  23 00 56.7  +30 08 16.6   915.64  20.56  Simbad
345.2371  +30.1558  N7457-017  23 00 56.9  +30 09 21.0   927.54  19.57  Simbad
345.2375  +30.1619  N7457-018  23 00 57.0  +30 09 42.7   918.24  20.02  Simbad
345.2379  +30.1516  N7457-019  23 00 57.1  +30 09 05.6   960.84  19.81  Simbad
345.2383  +30.1556  N7457-020  23 00 57.2  +30 09 20.3   955.44  19.42  Simbad
345.2383  +30.1371  N7457-021  23 00 57.2  +30 08 13.7   859.84  19.68  Simbad
345.2383  +30.1702  N7457-022  23 00 57.2  +30 10 12.8   918.24  19.91  Simbad
345.2387  +30.1545  N7457-023  23 00 57.3  +30 09 16.3   932.94  19.18  Simbad
345.2387  +30.1520  N7457-024  23 00 57.3  +30 09 07.1   880.14  19.40  Simbad
345.2396  +30.1314  N7457-025  23 00 57.5  +30 07 52.9   826.14  20.18  Simbad
345.2404  +30.1525  N7457-026  23 00 57.7  +30 09 09.0   975.94  20.48  Simbad
345.2417  +30.1425  N7457-027  23 00 58.0  +30 08 33.1   870.94  19.31  Simbad
345.2417  +30.1526  N7457-028  23 00 58.0  +30 09 09.5   969.64  19.34  Simbad
345.2421  +30.1599  N7457-029  23 00 58.1  +30 09 35.6   993.14  19.17  Simbad
345.2425  +30.1692  N7457-030  23 00 58.2  +30 10 09.3   906.84  20.48  Simbad
345.2429  +30.1584  N7457-031  23 00 58.3  +30 09 30.3   827.54  18.76  Simbad
345.2437  +30.1429  N7457-032  23 00 58.5  +30 08 34.3   824.74  99.99  Simbad
345.2446  +30.1371  N7457-033  23 00 58.7  +30 08 13.7   768.24  19.20  Simbad
345.2450  +30.1406  N7457-034  23 00 58.8  +30 08 26.3   849.44  19.51  Simbad
345.2450  +30.1533  N7457-035  23 00 58.8  +30 09 11.8  1039.14  19.81  Simbad
345.2454  +30.1334  N7457-036  23 00 58.9  +30 08 00.3   845.34  20.55  Simbad
345.2454  +30.1597  N7457-037  23 00 58.9  +30 09 35.0   958.94  19.40  Simbad
345.2454  +30.1718  N7457-038  23 00 58.9  +30 10 18.6   899.44  19.76  Simbad
345.2454  +30.1637  N7457-039  23 00 58.9  +30 09 49.3   971.44  19.30  Simbad
345.2462  +30.1572  N7457-040  23 00 59.1  +30 09 25.8   863.94  19.27  Simbad
345.2471  +30.1286  N7457-041  23 00 59.3  +30 07 43.0   819.54  19.68  Simbad
345.2475  +30.1503  N7457-042  23 00 59.4  +30 09 01.1   843.04  19.13  Simbad
345.2475  +30.1354  N7457-043  23 00 59.4  +30 08 07.5   745.14  19.66  Simbad
345.2487  +30.1360  N7457-044  23 00 59.7  +30 08 09.7   844.34  18.88  Simbad
345.2492  +30.1539  N7457-045  23 00 59.8  +30 09 13.9   870.24  19.99  Simbad
345.2492  +30.1606  N7457-046  23 00 59.8  +30 09 38.3   941.64  19.74  Simbad
345.2496  +30.1395  N7457-047  23 00 59.9  +30 08 22.2   822.34  20.19  Simbad
345.2500  +30.1413  N7457-048  23 01 00.0  +30 08 28.6   847.24  19.65  Simbad
345.2500  +30.1432  N7457-049  23 01 00.0  +30 08 35.5   905.34  20.75  Simbad
345.2508  +30.1322  N7457-050  23 01 00.2  +30 07 55.9   821.94  19.57  Simbad
345.2508  +30.1565  N7457-051  23 01 00.2  +30 09 23.4   913.84  19.47  Simbad
345.2508  +30.1520  N7457-052  23 01 00.2  +30 09 07.3   814.74  20.20  Simbad
345.2521  +30.1667  N7457-053  23 01 00.5  +30 10 00.0   891.84  19.96  Simbad
345.2521  +30.1500  N7457-054  23 01 00.5  +30 09 00.0   822.74  19.09  Simbad
345.2525  +30.1491  N7457-055  23 01 00.6  +30 08 56.7   897.34  19.03  Simbad
345.2529  +30.1536  N7457-056  23 01 00.7  +30 09 12.8   921.04  19.92  Simbad
345.2529  +30.1499  N7457-057  23 01 00.7  +30 08 59.7   803.44  18.92  Simbad
345.2529  +30.1556  N7457-058  23 01 00.7  +30 09 20.0   865.54  20.14  Simbad
345.2529  +30.1381  N7457-059  23 01 00.7  +30 08 17.3   857.34  19.32  Simbad
345.2533  +30.1392  N7457-060  23 01 00.8  +30 08 21.3   778.44  19.56  Simbad
345.2533  +30.1471  N7457-061  23 01 00.8  +30 08 49.5   861.34  19.60  Simbad
345.2542  +30.1282  N7457-062  23 01 01.0  +30 07 41.5   761.24  19.85  Simbad
345.2542  +30.1367  N7457-063  23 01 01.0  +30 08 12.3   767.54  19.60  Simbad
345.2546  +30.1391  N7457-064  23 01 01.1  +30 08 20.6   764.04  20.91  Simbad
345.2554  +30.1474  N7457-065  23 01 01.3  +30 08 50.6   759.84  18.93  Simbad
345.2554  +30.1505  N7457-066  23 01 01.3  +30 09 01.8   880.24  19.16  Simbad
345.2554  +30.1438  N7457-067  23 01 01.3  +30 08 37.8   774.84  18.89  Simbad
345.2558  +30.1377  N7457-068  23 01 01.4  +30 08 15.8   796.94  19.90  Simbad
345.2558  +30.1359  N7457-069  23 01 01.4  +30 08 09.2   805.04  20.23  Simbad
345.2562  +30.1515  N7457-070  23 01 01.5  +30 09 05.3   844.44  19.17  Simbad
345.2571  +30.1190  N7457-071  23 01 01.7  +30 07 08.5   774.74  19.99  Simbad
345.2575  +30.1305  N7457-072  23 01 01.8  +30 07 49.9   809.34  19.98  Simbad
345.2575  +30.1422  N7457-073  23 01 01.8  +30 08 31.8   747.14  20.21  Simbad
345.2579  +30.1319  N7457-074  23 01 01.9  +30 07 55.0   811.94  20.83  Simbad
345.2579  +30.1195  N7457-075  23 01 01.9  +30 07 10.1   826.34  19.47  Simbad
345.2579  +30.1336  N7457-076  23 01 01.9  +30 08 00.8   810.04  19.76  Simbad
345.2579  +30.1404  N7457-077  23 01 01.9  +30 08 25.5   743.04  19.23  Simbad
345.2583  +30.1293  N7457-078  23 01 02.0  +30 07 45.6   783.34  20.08  Simbad
345.2583  +30.1516  N7457-079  23 01 02.0  +30 09 05.8   784.74  20.03  Simbad
345.2583  +30.1350  N7457-080  23 01 02.0  +30 08 06.1   827.94  20.18  Simbad
345.2583  +30.1546  N7457-081  23 01 02.0  +30 09 16.5   868.54  19.04  Simbad
345.2587  +30.1494  N7457-082  23 01 02.1  +30 08 58.0   775.54  19.02  Simbad
345.2596  +30.1407  N7457-083  23 01 02.3  +30 08 26.7   756.54  19.24  Simbad
345.2600  +30.1673  N7457-084  23 01 02.4  +30 10 02.4   862.34  20.05  Simbad
345.2600  +30.1314  N7457-085  23 01 02.4  +30 07 53.2   935.44  19.19  Simbad
345.2604  +30.1333  N7457-086  23 01 02.5  +30 08 00.0   812.74  19.77  Simbad
345.2608  +30.1521  N7457-087  23 01 02.6  +30 09 07.4   784.34  19.97  Simbad
345.2608  +30.1385  N7457-088  23 01 02.6  +30 08 18.7   731.04  19.34  Simbad
345.2612  +30.1393  N7457-089  23 01 02.7  +30 08 21.6   782.04  19.08  Simbad
345.2621  +30.1468  N7457-090  23 01 02.9  +30 08 48.6   768.44  19.30  Simbad
345.2625  +30.1226  N7457-091  23 01 03.0  +30 07 21.2   714.54  18.96  Simbad
345.2629  +30.1341  N7457-092  23 01 03.1  +30 08 02.6   757.34  19.75  Simbad
345.2633  +30.1414  N7457-093  23 01 03.2  +30 08 29.1   804.94  19.77  Simbad
345.2642  +30.1355  N7457-094  23 01 03.4  +30 08 07.7   785.74  19.28  Simbad
345.2654  +30.1374  N7457-095  23 01 03.7  +30 08 14.8   735.94  18.77  Simbad
345.2667  +30.1539  N7457-096  23 01 04.0  +30 09 13.9   781.94  18.72  Simbad
345.2671  +30.1399  N7457-097  23 01 04.1  +30 08 23.6   767.24  20.23  Simbad
345.2675  +30.1302  N7457-098  23 01 04.2  +30 07 48.8   736.54  19.65  Simbad
345.2679  +30.1340  N7457-099  23 01 04.3  +30 08 02.5   710.04  19.10  Simbad
345.2679  +30.1397  N7457-100  23 01 04.3  +30 08 23.1   734.74  19.94  Simbad
345.2687  +30.1224  N7457-101  23 01 04.5  +30 07 20.8   743.74  19.59  Simbad
345.2687  +30.1359  N7457-102  23 01 04.5  +30 08 09.2   784.34  19.38  Simbad
345.2692  +30.1410  N7457-103  23 01 04.6  +30 08 27.7   747.24  20.20  Simbad
345.2696  +30.1424  N7457-104  23 01 04.7  +30 08 32.8   828.64  19.48  Simbad
345.2704  +30.1405  N7457-105  23 01 04.9  +30 08 25.9   733.74  19.80  Simbad
345.2708  +30.1475  N7457-106  23 01 05.0  +30 08 51.0   747.44  19.61  Simbad
345.2729  +30.1381  N7457-107  23 01 05.5  +30 08 17.3   752.84  20.06  Simbad
345.2754  +30.1541  N7457-108  23 01 06.1  +30 09 14.9   740.74  19.96  Simbad
345.2771  +30.1248  N7457-109  23 01 06.5  +30 07 29.2   719.34  20.11  Simbad
345.2812  +30.1374  N7457-110  23 01 07.5  +30 08 14.6   734.94  18.92  Simbad
345.2825  +30.1242  N7457-111  23 01 07.8  +30 07 27.2   756.14  20.25  Simbad
345.2846  +30.1402  N7457-112  23 01 08.3  +30 08 24.6   755.84  19.98  Simbad
345.2921  +30.1162  N7457-113  23 01 10.1  +30 06 58.2   724.74  19.83  Simbad
137.7337  +60.0561  N2768-01   09 10 56.1  +60 03 21.9  1181.30  20.86  Simbad
137.7483  +60.0371  N2768-02   09 10 59.6  +60 02 13.7  1133.90  21.86  Simbad
137.7496  +60.0607  N2768-03   09 10 59.9  +60 03 38.5  1134.40  21.05  Simbad
137.7554  +60.0509  N2768-04   09 11 01.3  +60 03 03.1  1172.10  20.49  Simbad
137.7587  +60.0035  N2768-05   09 11 02.1  +60 00 12.6  1323.10  20.31  Simbad
137.7587  +60.0438  N2768-06   09 11 02.1  +60 02 37.8  1181.10  20.73  Simbad
137.7621  +60.0200  N2768-07   09 11 02.9  +60 01 12.0  1179.10  20.09  Simbad
137.7621  +60.0695  N2768-08   09 11 02.9  +60 04 10.2  1147.40  20.99  Simbad
137.7621  +60.0752  N2768-09   09 11 02.9  +60 04 30.9  1245.70  19.93  Simbad
137.7662  +60.0194  N2768-10   09 11 03.9  +60 01 09.8  1251.70  20.67  Simbad
137.7662  +60.0867  N2768-11   09 11 03.9  +60 05 12.1  1422.50  21.80  Simbad
137.7683  +60.0538  N2768-12   09 11 04.4  +60 03 13.6  1275.80  20.66  Simbad
137.7721  +60.0344  N2768-13   09 11 05.3  +60 02 03.7  1156.70  20.69  Simbad
137.7742  +60.0398  N2768-14   09 11 05.8  +60 02 23.3  1341.60  20.90  Simbad
137.7779  +60.0342  N2768-15   09 11 06.7  +60 02 03.1  1384.60  20.27  Simbad
137.7796  +60.0904  N2768-16   09 11 07.1  +60 05 25.5  1409.40  20.22  Simbad
137.7858  +60.0316  N2768-17   09 11 08.6  +60 01 53.7  1070.70  21.43  Simbad
137.7896  +60.0144  N2768-18   09 11 09.5  +60 00 51.7  1548.30  20.09  Simbad
137.7925  +60.0254  N2768-19   09 11 10.2  +60 01 31.4  1295.40  20.51  Simbad
137.7942  +60.0213  N2768-20   09 11 10.6  +60 01 16.8  1564.80  20.82  Simbad
137.7967  +60.0410  N2768-21   09 11 11.2  +60 02 27.5  1209.30  20.63  Simbad
137.7979  +60.0024  N2768-22   09 11 11.5  +60 00 08.5  1235.90  20.78  Simbad
137.8021  +60.0481  N2768-23   09 11 12.5  +60 02 53.3  1126.10  20.35  Simbad
137.8046  +60.0281  N2768-24   09 11 13.1  +60 01 41.2  1262.20  20.85  Simbad
137.8079  +60.0550  N2768-25   09 11 13.9  +60 03 18.0  1235.00  20.61  Simbad
137.8079  +59.9877  N2768-26   09 11 13.9  +59 59 15.9  1397.10  20.36  Simbad
137.8079  +60.0415  N2768-27   09 11 13.9  +60 02 29.3  1286.10  21.44  Simbad
137.8096  +60.1049  N2768-28   09 11 14.3  +60 06 17.7  1285.30  20.09  Simbad
137.8096  +60.0509  N2768-29   09 11 14.3  +60 03 03.4  1167.00  20.95  Simbad
137.8117  +60.0731  N2768-30   09 11 14.8  +60 04 23.1  1449.50  20.93  Simbad
137.8137  +60.0372  N2768-31   09 11 15.3  +60 02 14.0  1192.30  99.99  Simbad
137.8158  +60.0480  N2768-32   09 11 15.8  +60 02 52.7  1203.30  20.35  Simbad
137.8175  +60.0281  N2768-33   09 11 16.2  +60 01 41.0  1113.20  20.39  Simbad
137.8192  +60.0219  N2768-34   09 11 16.6  +60 01 18.9  1180.50  21.26  Simbad
137.8221  +60.0231  N2768-35   09 11 17.3  +60 01 23.0  1347.50  20.81  Simbad
137.8225  +60.0552  N2768-36   09 11 17.4  +60 03 18.6  1291.60  20.75  Simbad
137.8242  +60.0422  N2768-37   09 11 17.8  +60 02 32.0  1199.70  21.08  Simbad
137.8246  +60.0240  N2768-38   09 11 17.9  +60 01 26.5  1099.90  21.14  Simbad
137.8250  +60.0269  N2768-39   09 11 18.0  +60 01 36.7  1124.60  20.40  Simbad
137.8258  +60.0323  N2768-40   09 11 18.2  +60 01 56.3  1441.10  20.78  Simbad
137.8271  +60.0783  N2768-41   09 11 18.5  +60 04 41.9  1051.30  20.66  Simbad
137.8283  +60.0742  N2768-42   09 11 18.8  +60 04 27.0  1551.90  20.12  Simbad
137.8321  +60.0112  N2768-43   09 11 19.7  +60 00 40.3  1334.80  20.21  Simbad
137.8329  +59.9845  N2768-44   09 11 19.9  +59 59 04.3  1402.40  20.68  Simbad
137.8342  +60.0164  N2768-45   09 11 20.2  +60 00 58.9  1289.50  21.01  Simbad
137.8358  +60.0563  N2768-46   09 11 20.6  +60 03 22.6  1316.60  20.90  Simbad
137.8358  +59.9793  N2768-47   09 11 20.6  +59 58 45.4  1358.30  19.89  Simbad
137.8375  +60.0220  N2768-48   09 11 21.0  +60 01 19.2  1294.60  20.51  Simbad
137.8379  +60.0404  N2768-49   09 11 21.1  +60 02 25.6  1068.60  20.63  Simbad
137.8379  +60.0392  N2768-50   09 11 21.1  +60 02 21.0  1038.80  20.97  Simbad
137.8387  +60.0626  N2768-51   09 11 21.3  +60 03 45.4  1122.10  20.71  Simbad
137.8396  +60.0411  N2768-52   09 11 21.5  +60 02 28.0  1277.70  21.01  Simbad
137.8400  +60.0484  N2768-53   09 11 21.6  +60 02 54.4  1248.80  19.52  Simbad
137.8400  +60.0617  N2768-54   09 11 21.6  +60 03 42.0  1266.30  21.85  Simbad
137.8417  +60.0357  N2768-55   09 11 22.0  +60 02 08.5  1161.00  20.16  Simbad
137.8425  +60.0751  N2768-56   09 11 22.2  +60 04 30.3  1258.90  20.61  Simbad
137.8437  +60.0503  N2768-57   09 11 22.5  +60 03 01.1  1327.90  20.51  Simbad
137.8442  +60.0148  N2768-58   09 11 22.6  +60 00 53.2  1264.90  20.51  Simbad
137.8446  +60.0513  N2768-59   09 11 22.7  +60 03 04.7  1483.10  20.68  Simbad
137.8458  +60.0602  N2768-60   09 11 23.0  +60 03 36.6  1368.80  21.62  Simbad
137.8462  +60.0517  N2768-61   09 11 23.1  +60 03 06.2  1517.50  20.22  Simbad
137.8487  +59.9964  N2768-62   09 11 23.7  +59 59 47.0  1343.60  20.14  Simbad
137.8487  +60.0248  N2768-63   09 11 23.7  +60 01 29.4  1407.40  20.12  Simbad
137.8492  +60.0314  N2768-64   09 11 23.8  +60 01 52.9  1191.20  20.44  Simbad
137.8492  +60.0206  N2768-65   09 11 23.8  +60 01 14.0  1346.50  21.04  Simbad
137.8500  +60.0466  N2768-66   09 11 24.0  +60 02 47.8  1225.80  20.72  Simbad
137.8500  +60.0306  N2768-67   09 11 24.0  +60 01 50.0  1181.10  20.33  Simbad
137.8504  +60.0102  N2768-68   09 11 24.1  +60 00 36.7  1478.40  20.54  Simbad
137.8508  +60.0529  N2768-69   09 11 24.2  +60 03 10.4  1338.40  20.45  Simbad
137.8517  +60.0787  N2768-70   09 11 24.4  +60 04 43.4  1526.70  20.50  Simbad
137.8521  +60.0673  N2768-71   09 11 24.5  +60 04 02.4  1591.10  20.56  Simbad
137.8529  +60.0209  N2768-72   09 11 24.7  +60 01 15.3  1206.20  21.34  Simbad
137.8537  +60.0621  N2768-73   09 11 24.9  +60 03 43.5   949.80  20.36  Simbad
137.8542  +60.0402  N2768-74   09 11 25.0  +60 02 24.7  1378.40  19.98  Simbad
137.8550  +60.0305  N2768-75   09 11 25.2  +60 01 49.8  1354.10  20.57  Simbad
137.8554  +60.0291  N2768-76   09 11 25.3  +60 01 44.9  1180.60  20.28  Simbad
137.8562  +60.0399  N2768-77   09 11 25.5  +60 02 23.5  1192.70  21.10  Simbad
137.8567  +60.0097  N2768-78   09 11 25.6  +60 00 34.9  1474.90  20.64  Simbad
137.8571  +60.0496  N2768-79   09 11 25.7  +60 02 58.7  1154.40  20.01  Simbad
137.8571  +60.0348  N2768-80   09 11 25.7  +60 02 05.2  1124.10  20.27  Simbad
137.8579  +60.0279  N2768-81   09 11 25.9  +60 01 40.5  1313.30  99.99  Simbad
137.8583  +59.9806  N2768-82   09 11 26.0  +59 58 50.2  1516.40  20.23  Simbad
137.8608  +60.0534  N2768-83   09 11 26.6  +60 03 12.2  1399.80  20.25  Simbad
137.8608  +60.0776  N2768-84   09 11 26.6  +60 04 39.2  1404.10  20.48  Simbad
137.8608  +60.0328  N2768-85   09 11 26.6  +60 01 58.0  1476.90  20.58  Simbad
137.8612  +60.0008  N2768-86   09 11 26.7  +60 00 02.9  1332.80  20.35  Simbad
137.8621  +60.0323  N2768-87   09 11 26.9  +60 01 56.2  1106.00  20.22  Simbad
137.8621  +60.0392  N2768-88   09 11 26.9  +60 02 21.3  1019.10  20.57  Simbad
137.8637  +60.0463  N2768-89   09 11 27.3  +60 02 46.5  1213.30  20.82  Simbad
137.8642  +60.0606  N2768-90   09 11 27.4  +60 03 38.1  1275.60  20.40  Simbad
137.8642  +60.0432  N2768-91   09 11 27.4  +60 02 35.7  1387.50  22.26  Simbad
137.8646  +60.0287  N2768-92   09 11 27.5  +60 01 43.4  1031.00  20.73  Simbad
137.8650  +60.0017  N2768-93   09 11 27.6  +60 00 06.2  1326.10  21.06  Simbad
137.8658  +60.1077  N2768-94   09 11 27.8  +60 06 27.6  1891.80  20.47  Simbad
137.8662  +60.0222  N2768-95   09 11 27.9  +60 01 19.8  1537.80  20.93  Simbad
137.8667  +60.0520  N2768-96   09 11 28.0  +60 03 07.3  1248.70  20.79  Simbad
137.8667  +60.0294  N2768-97   09 11 28.0  +60 01 45.9  1317.80  20.63  Simbad
137.8683  +60.0312  N2768-98   09 11 28.4  +60 01 52.4  1277.70  20.62  Simbad
137.8687  +60.0433  N2768-99   09 11 28.5  +60 02 35.8  1321.90  21.13  Simbad
137.8696  +60.0275  N2768-100  09 11 28.7  +60 01 39.1  1633.10  20.67  Simbad
137.8704  +59.9984  N2768-101  09 11 28.9  +59 59 54.3  1166.20  20.97  Simbad
137.8704  +59.9948  N2768-102  09 11 28.9  +59 59 41.2  1401.10  20.96  Simbad
137.8708  +60.0068  N2768-103  09 11 29.0  +60 00 24.4  1048.90  20.93  Simbad
137.8712  +60.0483  N2768-104  09 11 29.1  +60 02 53.9  1446.00  21.11  Simbad
137.8725  +60.0511  N2768-105  09 11 29.4  +60 03 04.1  1411.60  20.73  Simbad
137.8725  +60.0592  N2768-106  09 11 29.4  +60 03 33.2  1545.60  22.49  Simbad
137.8738  +60.0097  N2768-107  09 11 29.7  +60 00 34.8  1430.60  20.34  Simbad
137.8746  +60.0306  N2768-108  09 11 29.9  +60 01 50.1  1294.40  20.57  Simbad
137.8754  +60.0241  N2768-109  09 11 30.1  +60 01 26.9   942.50  21.03  Simbad
137.8762  +60.0356  N2768-110  09 11 30.3  +60 02 08.2  1583.20  20.29  Simbad
137.8767  +60.0533  N2768-111  09 11 30.4  +60 03 11.9  1133.90  20.35  Simbad
137.8767  +60.0306  N2768-112  09 11 30.4  +60 01 50.3  1281.10  21.13  Simbad
137.8771  +60.0081  N2768-113  09 11 30.5  +60 00 29.0  1445.00  21.09  Simbad
137.8775  +60.0353  N2768-114  09 11 30.6  +60 02 07.0  1025.60  20.05  Simbad
137.8775  +60.0559  N2768-115  09 11 30.6  +60 03 21.2  1339.40  20.93  Simbad
137.8783  +60.0506  N2768-116  09 11 30.8  +60 03 02.2  1470.50  21.54  Simbad
137.8783  +60.0337  N2768-117  09 11 30.8  +60 02 01.4  1187.70  20.39  Simbad
137.8787  +60.0759  N2768-118  09 11 30.9  +60 04 33.3  1128.80  19.99  Simbad
137.8787  +60.0006  N2768-119  09 11 30.9  +60 00 02.2  1288.00  20.84  Simbad
137.8792  +60.0302  N2768-120  09 11 31.0  +60 01 48.7  1374.20  20.50  Simbad
137.8796  +60.0272  N2768-121  09 11 31.1  +60 01 38.0  1180.20  20.57  Simbad
137.8804  +60.0246  N2768-122  09 11 31.3  +60 01 28.6  1209.10  20.96  Simbad
137.8804  +60.0294  N2768-123  09 11 31.3  +60 01 45.7  1271.50  20.50  Simbad
137.8817  +60.0018  N2768-124  09 11 31.6  +60 00 06.5  1381.70  20.44  Simbad
137.8821  +60.0086  N2768-125  09 11 31.7  +60 00 30.9  1411.50  20.53  Simbad
137.8825  +60.0326  N2768-126  09 11 31.8  +60 01 57.2  1333.50  21.01  Simbad
137.8825  +60.0559  N2768-127  09 11 31.8  +60 03 21.1  1292.60  20.64  Simbad
137.8829  +60.0053  N2768-128  09 11 31.9  +60 00 18.9  1127.10  20.31  Simbad
137.8854  +60.0003  N2768-129  09 11 32.5  +60 00 00.9  1331.10  20.20  Simbad
137.8858  +60.0255  N2768-130  09 11 32.6  +60 01 31.8  1483.80  19.79  Simbad
137.8871  +60.0572  N2768-131  09 11 32.9  +60 03 25.9  1340.30  20.70  Simbad
137.8887  +60.0316  N2768-132  09 11 33.3  +60 01 53.6  1270.50  21.77  Simbad
137.8892  +59.9948  N2768-133  09 11 33.4  +59 59 41.4  1501.70  21.21  Simbad
137.8908  +60.0250  N2768-134  09 11 33.8  +60 01 30.0  1404.90  21.59  Simbad
137.8908  +60.0459  N2768-135  09 11 33.8  +60 02 45.3  1327.80  20.36  Simbad
137.8917  +60.0465  N2768-136  09 11 34.0  +60 02 47.3  1330.80  20.39  Simbad
137.8925  +59.9889  N2768-137  09 11 34.2  +59 59 20.0  1585.00  19.97  Simbad
137.8929  +60.0691  N2768-138  09 11 34.3  +60 04 08.7  1158.80  21.00  Simbad
137.8933  +60.0469  N2768-139  09 11 34.4  +60 02 48.9  1746.40  20.61  Simbad
137.8946  +59.9760  N2768-140  09 11 34.7  +59 58 33.6  1527.60  20.73  Simbad
137.8954  +60.0034  N2768-141  09 11 34.9  +60 00 12.1  1167.90  21.11  Simbad
137.8975  +60.0193  N2768-142  09 11 35.4  +60 01 09.6  1460.70  20.75  Simbad
137.8983  +60.0520  N2768-143  09 11 35.6  +60 03 07.1  1380.10  20.37  Simbad
137.8987  +60.0261  N2768-144  09 11 35.7  +60 01 33.8  1500.70  20.45  Simbad
137.8987  +60.0434  N2768-145  09 11 35.7  +60 02 36.1  1339.90  19.74  Simbad
137.8996  +60.0707  N2768-146  09 11 35.9  +60 04 14.6  1468.80  21.43  Simbad
137.9021  +60.0264  N2768-147  09 11 36.5  +60 01 35.1  1271.40  20.06  Simbad
137.9050  +60.0545  N2768-148  09 11 37.2  +60 03 16.1  1393.20  20.66  Simbad
137.9058  +60.0509  N2768-149  09 11 37.4  +60 03 03.3  1271.40  20.56  Simbad
137.9062  +60.1025  N2768-150  09 11 37.5  +60 06 09.1  1472.70  20.54  Simbad
137.9071  +60.0555  N2768-151  09 11 37.7  +60 03 19.9  1777.80  20.43  Simbad
137.9075  +60.0571  N2768-152  09 11 37.8  +60 03 25.4  1476.50  21.38  Simbad
137.9092  +60.0517  N2768-153  09 11 38.2  +60 03 06.0  1268.00  21.03  Simbad
137.9100  +60.0248  N2768-154  09 11 38.4  +60 01 29.4  1569.60  21.47  Simbad
137.9108  +60.0619  N2768-155  09 11 38.6  +60 03 43.0  1265.20  21.48  Simbad
137.9129  +60.0213  N2768-156  09 11 39.1  +60 01 16.7  1486.60  20.28  Simbad
137.9137  +60.0752  N2768-157  09 11 39.3  +60 04 30.9  1346.80  20.34  Simbad
137.9150  +60.0584  N2768-158  09 11 39.6  +60 03 30.4  1179.80  20.32  Simbad
137.9167  +60.0474  N2768-159  09 11 40.0  +60 02 50.8  1488.70  20.36  Simbad
137.9167  +60.0052  N2768-160  09 11 40.0  +60 00 18.7  1491.60  20.69  Simbad
137.9171  +60.0069  N2768-161  09 11 40.1  +60 00 25.0  1395.70  20.46  Simbad
137.9175  +60.0205  N2768-162  09 11 40.2  +60 01 13.7  1394.20  20.32  Simbad
137.9179  +60.0702  N2768-163  09 11 40.3  +60 04 12.8  1283.70  21.12  Simbad
137.9196  +59.9952  N2768-164  09 11 40.7  +59 59 42.7  1457.00  21.18  Simbad
137.9200  +60.0658  N2768-165  09 11 40.8  +60 03 56.9  1536.80  21.54  Simbad
137.9217  +60.0175  N2768-166  09 11 41.2  +60 01 03.1  1352.50  21.03  Simbad
137.9217  +60.0364  N2768-167  09 11 41.2  +60 02 10.9  1265.80  19.48  Simbad
137.9233  +60.0501  N2768-168  09 11 41.6  +60 03 00.5  1807.60  20.44  Simbad
137.9233  +60.0309  N2768-169  09 11 41.6  +60 01 51.4  1170.50  21.07  Simbad
137.9242  +60.0264  N2768-170  09 11 41.8  +60 01 35.2  1313.90  20.59  Simbad
137.9242  +60.0107  N2768-171  09 11 41.8  +60 00 38.7  1601.10  21.91  Simbad
137.9242  +60.0399  N2768-172  09 11 41.8  +60 02 23.8  1825.40  19.50  Simbad
137.9250  +60.0689  N2768-173  09 11 42.0  +60 04 08.2  1425.90  20.22  Simbad
137.9263  +60.0450  N2768-174  09 11 42.3  +60 02 41.9  1407.40  20.41  Simbad
137.9271  +60.0143  N2768-175  09 11 42.5  +60 00 51.4  1488.00  20.38  Simbad
137.9275  +60.0435  N2768-176  09 11 42.6  +60 02 36.5  1439.70  20.40  Simbad
137.9283  +60.0110  N2768-177  09 11 42.8  +60 00 39.6  1190.80  20.13  Simbad
137.9287  +60.0238  N2768-178  09 11 42.9  +60 01 25.8  1595.30  21.26  Simbad
137.9296  +59.9918  N2768-179  09 11 43.1  +59 59 30.5  1547.80  20.78  Simbad
137.9304  +60.0254  N2768-180  09 11 43.3  +60 01 31.6  1368.00  20.50  Simbad
137.9312  +60.0529  N2768-181  09 11 43.5  +60 03 10.5  1605.10  21.31  Simbad
137.9321  +60.0295  N2768-182  09 11 43.7  +60 01 46.3  1371.40  20.41  Simbad
137.9329  +60.0269  N2768-183  09 11 43.9  +60 01 37.0  1432.90  20.77  Simbad
137.9329  +60.0497  N2768-184  09 11 43.9  +60 02 59.1  1618.00  20.65  Simbad
137.9329  +60.0084  N2768-185  09 11 43.9  +60 00 30.4  1433.30  19.79  Simbad
137.9333  +60.0444  N2768-186  09 11 44.0  +60 02 40.0  1740.40  20.75  Simbad
137.9337  +60.0355  N2768-187  09 11 44.1  +60 02 07.9  1454.80  19.95  Simbad
137.9337  +60.0154  N2768-188  09 11 44.1  +60 00 55.3  1630.90  20.30  Simbad
137.9342  +60.0292  N2768-189  09 11 44.2  +60 01 45.1  1402.90  21.80  Simbad
137.9354  +60.0114  N2768-190  09 11 44.5  +60 00 41.1  1383.30  20.18  Simbad
137.9354  +60.0367  N2768-191  09 11 44.5  +60 02 12.0  1605.60  20.50  Simbad
137.9358  +60.0303  N2768-192  09 11 44.6  +60 01 48.9  1526.70  20.74  Simbad
137.9362  +60.0411  N2768-193  09 11 44.7  +60 02 28.1  1697.10  20.93  Simbad
137.9362  +60.0244  N2768-194  09 11 44.7  +60 01 27.8  1545.30  20.73  Simbad
137.9367  +60.0093  N2768-195  09 11 44.8  +60 00 33.3  1398.50  20.99  Simbad
137.9375  +60.0327  N2768-196  09 11 45.0  +60 01 57.7  1345.00  20.22  Simbad
137.9387  +60.0710  N2768-197  09 11 45.3  +60 04 15.7  1270.10  19.86  Simbad
137.9392  +60.0479  N2768-198  09 11 45.4  +60 02 52.3  1336.40  20.67  Simbad
137.9400  +60.0330  N2768-199  09 11 45.6  +60 01 58.7  1578.80  20.81  Simbad
137.9400  +60.0598  N2768-200  09 11 45.6  +60 03 35.2  1501.00  20.47  Simbad
137.9404  +60.0411  N2768-201  09 11 45.7  +60 02 27.8  1613.40  19.90  Simbad
137.9417  +60.0296  N2768-202  09 11 46.0  +60 01 46.5  1396.70  20.51  Simbad
137.9442  +60.0404  N2768-203  09 11 46.6  +60 02 25.4  1608.40  20.37  Simbad
137.9446  +60.0388  N2768-204  09 11 46.7  +60 02 19.8  1525.10  20.29  Simbad
137.9450  +60.0290  N2768-205  09 11 46.8  +60 01 44.5  1573.80  20.80  Simbad
137.9450  +60.0371  N2768-206  09 11 46.8  +60 02 13.5  1488.20  20.32  Simbad
137.9454  +60.0630  N2768-207  09 11 46.9  +60 03 46.8  1505.40  20.38  Simbad
137.9458  +60.0550  N2768-208  09 11 47.0  +60 03 17.9  1560.50  20.06  Simbad
137.9471  +60.0892  N2768-209  09 11 47.3  +60 05 21.0  1235.40  20.38  Simbad
137.9471  +60.0418  N2768-210  09 11 47.3  +60 02 30.4  1589.30  20.60  Simbad
137.9471  +60.0463  N2768-211  09 11 47.3  +60 02 46.5  1255.20  22.01  Simbad
137.9500  +60.0636  N2768-212  09 11 48.0  +60 03 48.8  1248.40  21.10  Simbad
137.9508  +60.0646  N2768-213  09 11 48.2  +60 03 52.7  1256.20  20.82  Simbad
137.9517  +60.0301  N2768-214  09 11 48.4  +60 01 48.4  1386.40  20.55  Simbad
137.9521  +60.0244  N2768-215  09 11 48.5  +60 01 27.8  1390.00  20.65  Simbad
137.9521  +60.0087  N2768-216  09 11 48.5  +60 00 31.3  1273.10  20.45  Simbad
137.9537  +60.0490  N2768-217  09 11 48.9  +60 02 56.3  1584.20  20.94  Simbad
137.9550  +60.0390  N2768-218  09 11 49.2  +60 02 20.3  1347.90  20.17  Simbad
137.9558  +60.0322  N2768-219  09 11 49.4  +60 01 55.9  1467.40  20.55  Simbad
137.9563  +59.9886  N2768-220  09 11 49.5  +59 59 18.9  1361.40  20.70  Simbad
137.9563  +60.0433  N2768-221  09 11 49.5  +60 02 35.8  1437.30  20.32  Simbad
137.9562  +60.0243  N2768-222  09 11 49.5  +60 01 27.6  1279.90  21.21  Simbad
137.9567  +60.0348  N2768-223  09 11 49.6  +60 02 05.2   835.70  20.31  Simbad
137.9579  +60.0527  N2768-224  09 11 49.9  +60 03 09.6  1381.90  20.07  Simbad
137.9587  +60.0425  N2768-225  09 11 50.1  +60 02 33.0  1614.90  20.75  Simbad
137.9592  +60.0434  N2768-226  09 11 50.2  +60 02 36.2  1739.00  20.91  Simbad
137.9592  +60.0449  N2768-227  09 11 50.2  +60 02 41.7  1844.30  21.15  Simbad
137.9592  +60.0228  N2768-228  09 11 50.2  +60 01 22.1  1444.40  20.72  Simbad
137.9600  +60.0377  N2768-229  09 11 50.4  +60 02 15.8  1454.10  20.41  Simbad
137.9612  +60.0125  N2768-230  09 11 50.7  +60 00 45.0  1413.00  21.04  Simbad
137.9617  +60.0153  N2768-231  09 11 50.8  +60 00 55.2  1334.90  20.54  Simbad
137.9625  +60.0052  N2768-232  09 11 51.0  +60 00 18.6  1622.80  20.81  Simbad
137.9625  +60.0583  N2768-233  09 11 51.0  +60 03 29.7  1407.80  21.24  Simbad
137.9633  +60.0422  N2768-234  09 11 51.2  +60 02 32.1  1478.90  21.17  Simbad
137.9642  +59.9920  N2768-235  09 11 51.4  +59 59 31.2  1433.40  21.00  Simbad
137.9642  +60.0233  N2768-236  09 11 51.4  +60 01 23.9  1602.30  21.20  Simbad
137.9646  +60.0426  N2768-237  09 11 51.5  +60 02 33.4  1473.70  22.19  Simbad
137.9650  +60.0366  N2768-238  09 11 51.6  +60 02 11.7  1589.50  20.33  Simbad
137.9650  +60.0177  N2768-239  09 11 51.6  +60 01 03.9  1423.70  20.99  Simbad
137.9654  +60.0075  N2768-240  09 11 51.7  +60 00 27.1  1501.60  20.69  Simbad
137.9658  +60.0441  N2768-241  09 11 51.8  +60 02 38.8  1671.60  21.16  Simbad
137.9667  +60.0464  N2768-242  09 11 52.0  +60 02 46.9  1459.00  20.82  Simbad
137.9675  +59.9961  N2768-243  09 11 52.2  +59 59 45.8  1238.00  19.98  Simbad
137.9700  +60.0343  N2768-244  09 11 52.8  +60 02 03.4  1214.70  21.50  Simbad
137.9708  +60.0388  N2768-245  09 11 53.0  +60 02 19.7  1438.00  22.22  Simbad
137.9708  +60.0417  N2768-246  09 11 53.0  +60 02 30.2  1451.30  99.99  Simbad
137.9721  +60.0124  N2768-247  09 11 53.3  +60 00 44.6  1376.00  20.78  Simbad
137.9725  +60.0304  N2768-248  09 11 53.4  +60 01 49.4  1562.80  21.18  Simbad
137.9725  +59.9923  N2768-249  09 11 53.4  +59 59 32.4  1501.10  20.27  Simbad
137.9729  +60.0409  N2768-250  09 11 53.5  +60 02 27.2  1344.40  21.75  Simbad
137.9733  +60.0327  N2768-251  09 11 53.6  +60 01 57.8  1591.70  21.54  Simbad
137.9742  +60.0700  N2768-252  09 11 53.8  +60 04 12.1  1491.20  20.49  Simbad
137.9742  +60.0344  N2768-253  09 11 53.8  +60 02 03.8  1474.50  21.26  Simbad
137.9742  +60.0478  N2768-254  09 11 53.8  +60 02 52.2  1398.80  20.03  Simbad
137.9750  +60.0389  N2768-255  09 11 54.0  +60 02 20.0  1496.50  20.63  Simbad
137.9758  +59.9779  N2768-256  09 11 54.2  +59 58 40.6  1595.00  20.77  Simbad
137.9767  +60.0213  N2768-257  09 11 54.4  +60 01 16.6  1268.20  21.01  Simbad
137.9767  +60.0512  N2768-258  09 11 54.4  +60 03 04.3  1673.70  20.42  Simbad
137.9767  +60.0525  N2768-259  09 11 54.4  +60 03 08.9  1370.20  20.87  Simbad
137.9767  +60.0562  N2768-260  09 11 54.4  +60 03 22.5  1363.60  20.42  Simbad
137.9779  +60.0373  N2768-261  09 11 54.7  +60 02 14.2  1320.60  19.67  Simbad
137.9788  +60.0256  N2768-262  09 11 54.9  +60 01 32.0  1587.90  21.09  Simbad
137.9796  +60.0643  N2768-263  09 11 55.1  +60 03 51.5  1154.10  20.79  Simbad
137.9800  +60.0363  N2768-264  09 11 55.2  +60 02 10.5  1258.20  99.99  Simbad
137.9800  +60.0936  N2768-265  09 11 55.2  +60 05 36.9  1470.30  20.26  Simbad
137.9804  +60.0327  N2768-266  09 11 55.3  +60 01 57.7  1393.40  20.53  Simbad
137.9829  +60.0177  N2768-267  09 11 55.9  +60 01 03.7  1553.10  20.17  Simbad
137.9829  +60.0683  N2768-268  09 11 55.9  +60 04 05.9  1380.00  19.93  Simbad
137.9833  +60.0381  N2768-269  09 11 56.0  +60 02 17.1  1225.90  20.50  Simbad
137.9850  +60.0399  N2768-270  09 11 56.4  +60 02 23.5  1549.20  23.15  Simbad
137.9850  +59.9933  N2768-271  09 11 56.4  +59 59 35.8  1241.60  20.91  Simbad
137.9858  +60.0598  N2768-272  09 11 56.6  +60 03 35.2  1474.80  20.94  Simbad
137.9858  +60.0779  N2768-273  09 11 56.6  +60 04 40.6  1438.40  20.44  Simbad
137.9875  +60.0196  N2768-274  09 11 57.0  +60 01 10.4  1362.40  21.56  Simbad
137.9875  +60.0034  N2768-275  09 11 57.0  +60 00 12.4  1743.40  20.82  Simbad
137.9917  +60.0581  N2768-276  09 11 58.0  +60 03 29.2  1547.40  20.05  Simbad
137.9921  +60.0317  N2768-277  09 11 58.1  +60 01 54.3  1665.90  21.22  Simbad
137.9925  +60.0558  N2768-278  09 11 58.2  +60 03 20.9  1272.00  20.39  Simbad
137.9933  +60.0442  N2768-279  09 11 58.4  +60 02 39.3  1353.80  21.07  Simbad
137.9937  +60.0533  N2768-280  09 11 58.5  +60 03 11.9  1083.60  21.63  Simbad
137.9975  +60.0417  N2768-281  09 11 59.4  +60 02 30.1  1556.90  20.42  Simbad
137.9979  +60.0461  N2768-282  09 11 59.5  +60 02 46.0  1460.60  20.61  Simbad
137.9983  +60.0074  N2768-283  09 11 59.6  +60 00 26.7  1654.60  20.76  Simbad
138.0000  +60.0533  N2768-284  09 12 00.0  +60 03 11.9  1530.90  21.05  Simbad
138.0000  +60.0345  N2768-285  09 12 00.0  +60 02 04.3  1705.70  20.81  Simbad
138.0008  +60.0731  N2768-286  09 12 00.2  +60 04 23.1  1295.50  20.27  Simbad
138.0012  +60.0874  N2768-287  09 12 00.3  +60 05 14.8  1342.00  20.08  Simbad
138.0029  +60.0927  N2768-288  09 12 00.7  +60 05 33.9  1279.70  20.41  Simbad
138.0033  +60.0144  N2768-289  09 12 00.8  +60 00 51.7  1103.60  20.74  Simbad
138.0062  +60.0545  N2768-290  09 12 01.5  +60 03 16.1  1446.10  20.88  Simbad
138.0108  +60.0344  N2768-291  09 12 02.6  +60 02 03.9  1328.20  20.74  Simbad
138.0121  +60.0011  N2768-292  09 12 02.9  +60 00 04.1  1342.60  20.87  Simbad
138.0121  +60.0378  N2768-293  09 12 02.9  +60 02 16.2  1387.00  20.52  Simbad
138.0150  +60.0396  N2768-294  09 12 03.6  +60 02 22.4  1603.60  20.22  Simbad
138.0175  +60.0415  N2768-295  09 12 04.2  +60 02 29.4  1680.90  20.73  Simbad
138.0225  +60.0689  N2768-296  09 12 05.4  +60 04 08.0  1532.60  20.32  Simbad
138.0250  +60.0371  N2768-297  09 12 06.0  +60 02 13.5  1420.70  20.22  Simbad
138.0263  +60.0395  N2768-298  09 12 06.3  +60 02 22.1  1581.80  20.63  Simbad
138.0287  +59.9934  N2768-299  09 12 06.9  +59 59 36.3  1640.40  20.53  Simbad
138.0292  +60.0581  N2768-300  09 12 07.0  +60 03 29.3  1586.60  20.53  Simbad
138.0312  +60.0214  N2768-301  09 12 07.5  +60 01 16.9  1676.20  20.87  Simbad
138.0329  +60.1016  N2768-302  09 12 07.9  +60 06 05.8  1491.60  20.66  Simbad
138.0342  +59.9893  N2768-303  09 12 08.2  +59 59 21.5  1616.30  20.39  Simbad
138.0354  +60.0535  N2768-304  09 12 08.5  +60 03 12.5  1387.50  20.67  Simbad
138.0396  +60.0907  N2768-305  09 12 09.5  +60 05 26.4  1597.40  20.90  Simbad
138.0408  +60.0473  N2768-306  09 12 09.8  +60 02 50.3  1571.20  20.97  Simbad
138.0433  +59.9932  N2768-307  09 12 10.4  +59 59 35.5  1549.50  20.50  Simbad
138.0492  +60.0739  N2768-308  09 12 11.8  +60 04 26.2  1467.70  20.51  Simbad
138.0496  +60.0169  N2768-309  09 12 11.9  +60 01 01.0  1277.00  20.44  Simbad
138.0529  +59.9888  N2768-310  09 12 12.7  +59 59 19.8  1522.20  20.42  Simbad
138.0567  +60.0945  N2768-311  09 12 13.6  +60 05 40.2  1412.40  20.67  Simbad
138.0571  +60.0174  N2768-312  09 12 13.7  +60 01 02.5  1450.00  20.88  Simbad
138.0592  +60.0679  N2768-313  09 12 14.2  +60 04 04.6  1340.10  20.57  Simbad
138.0629  +60.0525  N2768-314  09 12 15.1  +60 03 08.9  1556.40  20.36  Simbad
138.0633  +60.0010  N2768-315  09 12 15.2  +60 00 03.6  1595.60  21.08  Simbad
165.0379  +13.8892  N3489-01   11 00 09.1  +13 53 21.3   660.52  16.49  Simbad
165.0383  +13.9240  N3489-02   11 00 09.2  +13 55 26.3   663.62  16.59  Simbad
165.0400  +13.8571  N3489-03   11 00 09.6  +13 51 25.7  1012.62  19.17  Simbad
165.0433  +13.8959  N3489-04   11 00 10.4  +13 53 45.1  1418.92  16.49  Simbad
165.0492  +13.8913  N3489-05   11 00 11.8  +13 53 28.7   874.92  17.38  Simbad
165.0554  +13.8872  N3489-06   11 00 13.3  +13 53 13.9   698.22  17.51  Simbad
165.0571  +13.8776  N3489-07   11 00 13.7  +13 52 39.2   602.22  16.65  Simbad
165.0575  +13.8962  N3489-08   11 00 13.8  +13 53 46.5   768.72  19.14  Simbad
165.0583  +13.8913  N3489-09   11 00 14.0  +13 53 28.8   713.62  19.51  Simbad
165.0600  +13.8925  N3489-10   11 00 14.4  +13 53 33.0   594.02  17.01  Simbad
165.0604  +13.8706  N3489-11   11 00 14.5  +13 52 14.0   693.92  17.28  Simbad
165.0621  +13.8907  N3489-12   11 00 14.9  +13 53 26.7   444.02  19.32  Simbad
165.0621  +13.8997  N3489-13   11 00 14.9  +13 53 58.9   598.42  17.69  Simbad
165.0625  +13.8999  N3489-14   11 00 15.0  +13 53 59.8   547.42  17.13  Simbad
165.0629  +13.9103  N3489-15   11 00 15.1  +13 54 37.2   817.72  16.93  Simbad
165.0629  +13.8956  N3489-16   11 00 15.1  +13 53 44.0   595.32  16.89  Simbad
165.0642  +13.9096  N3489-17   11 00 15.4  +13 54 34.7   751.52  20.79  Simbad
165.0650  +13.8960  N3489-18   11 00 15.6  +13 53 45.7   770.52  16.32  Simbad
165.0654  +13.8910  N3489-19   11 00 15.7  +13 53 27.6   660.62  16.15  Simbad
165.0654  +13.8987  N3489-20   11 00 15.7  +13 53 55.5   538.12  16.22  Simbad
165.0662  +13.8936  N3489-21   11 00 15.9  +13 53 37.1   715.82  15.82  Simbad
165.0671  +13.8943  N3489-22   11 00 16.1  +13 53 39.4   560.12  15.92  Simbad
165.0679  +13.8884  N3489-23   11 00 16.3  +13 53 18.2   629.42  17.39  Simbad
165.0687  +13.8917  N3489-24   11 00 16.5  +13 53 30.1   722.12  16.83  Simbad
165.0687  +13.8928  N3489-25   11 00 16.5  +13 53 34.2   635.52  16.48  Simbad
165.0696  +13.9084  N3489-26   11 00 16.7  +13 54 30.2   640.32  16.10  Simbad
165.0696  +13.8982  N3489-27   11 00 16.7  +13 53 53.4   749.12  99.99  Simbad
165.0700  +13.8921  N3489-28   11 00 16.8  +13 53 31.7   652.22  16.28  Simbad
165.0700  +13.8823  N3489-29   11 00 16.8  +13 52 56.3   770.92  16.59  Simbad
165.0708  +13.9106  N3489-30   11 00 17.0  +13 54 38.1   765.62  16.68  Simbad
165.0713  +13.8861  N3489-31   11 00 17.1  +13 53 10.1   676.42  17.24  Simbad
165.0725  +13.9084  N3489-32   11 00 17.4  +13 54 30.3   770.32  22.75  Simbad
165.0725  +13.8976  N3489-33   11 00 17.4  +13 53 51.3   601.02  18.17  Simbad
165.0733  +13.9059  N3489-34   11 00 17.6  +13 54 21.3   664.62  99.99  Simbad
165.0775  +13.9087  N3489-35   11 00 18.6  +13 54 31.5   783.82  16.43  Simbad
165.0783  +13.8834  N3489-36   11 00 18.8  +13 53 00.3   779.12  18.35  Simbad
165.0792  +13.9254  N3489-37   11 00 19.0  +13 55 31.6   682.72  16.54  Simbad
165.0808  +13.8869  N3489-38   11 00 19.4  +13 53 13.0   716.32  18.18  Simbad
165.0842  +13.8965  N3489-39   11 00 20.2  +13 53 47.5   674.32  16.67  Simbad
165.0850  +13.9103  N3489-40   11 00 20.4  +13 54 37.0   802.12  18.82  Simbad
165.0858  +13.8976  N3489-41   11 00 20.6  +13 53 51.2   803.22  16.73  Simbad
165.0858  +13.8988  N3489-42   11 00 20.6  +13 53 55.6   787.72  16.66  Simbad
165.0862  +13.9024  N3489-43   11 00 20.7  +13 54 08.5   682.92  15.30  Simbad
165.0862  +13.9101  N3489-44   11 00 20.7  +13 54 36.2   625.42  16.62  Simbad
165.0867  +13.9010  N3489-45   11 00 20.8  +13 54 03.7   774.02  15.49  Simbad
165.0867  +13.9064  N3489-46   11 00 20.8  +13 54 22.9   769.52  15.86  Simbad
165.0871  +13.9042  N3489-47   11 00 20.9  +13 54 15.2   835.62  15.95  Simbad
165.0887  +13.8979  N3489-48   11 00 21.3  +13 53 52.6   724.12  18.58  Simbad
165.0892  +13.9072  N3489-49   11 00 21.4  +13 54 26.1   825.82  17.76  Simbad
165.0913  +13.8955  N3489-50   11 00 21.9  +13 53 43.7   706.82  17.26  Simbad
165.0917  +13.9115  N3489-51   11 00 22.0  +13 54 41.3   696.12  16.67  Simbad
165.0917  +13.8971  N3489-52   11 00 22.0  +13 53 49.7   673.52  17.45  Simbad
165.0921  +13.9077  N3489-53   11 00 22.1  +13 54 27.6   840.42  16.32  Simbad
165.0925  +13.8705  N3489-54   11 00 22.2  +13 52 13.9   794.92  16.08  Simbad
165.0933  +13.9027  N3489-55   11 00 22.4  +13 54 09.8   767.72  99.99  Simbad
165.0950  +13.9231  N3489-56   11 00 22.8  +13 55 23.1   611.22  16.63  Simbad
165.0954  +13.8809  N3489-57   11 00 22.9  +13 52 51.2   818.22  18.08  Simbad
165.0971  +13.8783  N3489-58   11 00 23.3  +13 52 41.9   660.92  16.91  Simbad
165.0987  +13.9122  N3489-59   11 00 23.7  +13 54 43.8   742.12  15.82  Simbad
165.1142  +13.9116  N3489-60   11 00 27.4  +13 54 41.6   591.12  16.62  Simbad
161.9783  +12.6135  N3384-01   10 47 54.8  +12 36 48.5   822.60  18.75  Simbad
161.9787  +12.6044  N3384-02   10 47 54.9  +12 36 15.8  1038.70  19.01  Simbad
161.9796  +12.6047  N3384-03   10 47 55.1  +12 36 16.8   868.10  18.98  Simbad
161.9879  +12.6008  N3384-04   10 47 57.1  +12 36 02.8   908.70  18.86  Simbad
162.0154  +12.6134  N3384-05   10 48 03.7  +12 36 48.2   922.20  27.72  Simbad
162.0192  +12.6254  N3384-06   10 48 04.6  +12 37 31.5   939.10  19.25  Simbad
162.0192  +12.6254  N3384-07   10 48 04.6  +12 37 31.5   999.20  27.38  Simbad
162.0212  +12.6227  N3384-08   10 48 05.1  +12 37 21.6   856.30  18.26  Simbad
162.0217  +12.5961  N3384-09   10 48 05.2  +12 35 46.1   854.20  18.30  Simbad
162.0246  +12.6006  N3384-10   10 48 05.9  +12 36 02.2   925.20  27.68  Simbad
162.0275  +12.6130  N3384-11   10 48 06.6  +12 36 46.7   814.20  27.66  Simbad
162.0300  +12.6102  N3384-12   10 48 07.2  +12 36 36.6   875.60  18.71  Simbad
162.0304  +12.6103  N3384-13   10 48 07.3  +12 36 36.9   881.20  26.51  Simbad
162.0304  +12.5830  N3384-14   10 48 07.3  +12 34 58.8   793.20  28.10  Simbad
162.0350  +12.6239  N3384-15   10 48 08.4  +12 37 26.1   833.80  18.69  Simbad
162.0350  +12.6365  N3384-16   10 48 08.4  +12 38 11.3   669.20  27.31  Simbad
162.0350  +12.6000  N3384-17   10 48 08.4  +12 35 59.9   806.60  19.18  Simbad
162.0354  +12.6238  N3384-18   10 48 08.5  +12 37 25.7   885.20  26.02  Simbad
162.0375  +12.6289  N3384-19   10 48 09.0  +12 37 44.0   808.50  18.08  Simbad
162.0379  +12.6288  N3384-20   10 48 09.1  +12 37 43.7   811.20  26.23  Simbad
162.0383  +12.6347  N3384-21   10 48 09.2  +12 38 05.0   736.10  18.81  Simbad
162.0392  +12.6119  N3384-22   10 48 09.4  +12 36 42.8   805.60  19.26  Simbad
162.0392  +12.6437  N3384-23   10 48 09.4  +12 38 37.2   708.00  19.09  Simbad
162.0400  +12.6268  N3384-24   10 48 09.6  +12 37 36.4   816.40  18.54  Simbad
162.0400  +12.6147  N3384-25   10 48 09.6  +12 36 53.0   862.70  18.40  Simbad
162.0408  +12.5971  N3384-26   10 48 09.8  +12 35 49.4   914.40  19.16  Simbad
162.0433  +12.6150  N3384-27   10 48 10.4  +12 36 53.9   838.00  18.35  Simbad
162.0433  +12.6232  N3384-28   10 48 10.4  +12 37 23.6   825.80  18.42  Simbad
162.0458  +12.5734  N3384-29   10 48 11.0  +12 34 24.1   906.20  19.10  Simbad
162.0471  +12.6161  N3384-30   10 48 11.3  +12 36 57.9   857.30  19.54  Simbad
162.0471  +12.6104  N3384-31   10 48 11.3  +12 36 37.5   854.60  19.17  Simbad
162.0471  +12.6201  N3384-32   10 48 11.3  +12 37 12.2   823.80  99.99  Simbad
162.0471  +12.6150  N3384-33   10 48 11.3  +12 36 53.9   865.00  18.87  Simbad
162.0479  +12.6258  N3384-34   10 48 11.5  +12 37 32.9   773.30  18.35  Simbad
162.0487  +12.6188  N3384-35   10 48 11.7  +12 37 07.5   873.50  19.23  Simbad
162.0492  +12.6225  N3384-36   10 48 11.8  +12 37 21.0   842.80  17.58  Simbad
162.0496  +12.6075  N3384-37   10 48 11.9  +12 36 26.9   895.70  18.01  Simbad
162.0504  +12.6110  N3384-38   10 48 12.1  +12 36 39.6   837.20  18.65  Simbad
162.0508  +12.6147  N3384-39   10 48 12.2  +12 36 53.1   864.50  18.30  Simbad
162.0521  +12.6484  N3384-40   10 48 12.5  +12 38 54.1   687.00  19.26  Simbad
162.0529  +12.6149  N3384-41   10 48 12.7  +12 36 53.7   892.00  17.64  Simbad
162.0537  +12.6097  N3384-42   10 48 12.9  +12 36 35.1   846.50  18.61  Simbad
162.0542  +12.5986  N3384-43   10 48 13.0  +12 35 54.8   859.20  18.70  Simbad
162.0550  +12.6311  N3384-44   10 48 13.2  +12 37 52.1   795.00  18.54  Simbad
162.0554  +12.6352  N3384-45   10 48 13.3  +12 38 06.6   636.50  18.41  Simbad
162.0558  +12.6195  N3384-46   10 48 13.4  +12 37 10.2   820.30  18.08  Simbad
162.0567  +12.5408  N3384-47   10 48 13.6  +12 32 26.8   908.00  19.51  Simbad
162.0567  +12.5480  N3384-48   10 48 13.6  +12 32 52.7   765.60  18.85  Simbad
162.0567  +12.6127  N3384-49   10 48 13.6  +12 36 45.7   880.90  17.86  Simbad
162.0579  +12.6086  N3384-50   10 48 13.9  +12 36 30.8   791.60  19.01  Simbad
162.0579  +12.6005  N3384-51   10 48 13.9  +12 36 01.8   832.90  19.12  Simbad
162.0587  +12.6107  N3384-52   10 48 14.1  +12 36 38.7   758.70  18.84  Simbad
162.0592  +12.6178  N3384-53   10 48 14.2  +12 37 03.9   807.60  18.62  Simbad
162.0596  +12.6233  N3384-54   10 48 14.3  +12 37 24.0   818.30  18.09  Simbad
162.0608  +12.6167  N3384-55   10 48 14.6  +12 37 00.0   850.70  18.27  Simbad
162.0629  +12.6026  N3384-56   10 48 15.1  +12 36 09.4   814.90  18.75  Simbad
162.0629  +12.6495  N3384-57   10 48 15.1  +12 38 58.1   689.80  19.40  Simbad
162.0692  +12.5267  N3384-58   10 48 16.6  +12 31 36.3   906.40  19.40  Simbad
162.0721  +12.5290  N3384-59   10 48 17.3  +12 31 44.5   913.30  18.04  Simbad
162.0750  +12.6454  N3384-60   10 48 18.0  +12 38 43.4   627.70  18.30  Simbad
162.0750  +12.6102  N3384-61   10 48 18.0  +12 36 36.8   724.20  17.91  Simbad
162.0779  +12.6673  N3384-62   10 48 18.7  +12 40 02.2   662.50  18.27  Simbad
162.0817  +12.6541  N3384-63   10 48 19.6  +12 39 14.6   551.40  18.85  Simbad
162.0821  +12.6122  N3384-64   10 48 19.7  +12 36 44.1   790.00  19.11  Simbad
162.0821  +12.6378  N3384-65   10 48 19.7  +12 38 16.0   542.80  18.09  Simbad
162.0829  +12.6321  N3384-66   10 48 19.9  +12 37 55.6   942.50  16.88  Simbad
162.0854  +12.6483  N3384-67   10 48 20.5  +12 38 54.0   577.20  18.10  Simbad
162.0858  +12.6468  N3384-68   10 48 20.6  +12 38 48.3   601.00  18.51  Simbad
162.0858  +12.6413  N3384-69   10 48 20.6  +12 38 28.7   462.90  18.45  Simbad
162.0862  +12.6394  N3384-70   10 48 20.7  +12 38 22.0   574.80  18.17  Simbad
162.0867  +12.6442  N3384-71   10 48 20.8  +12 38 39.1   562.60  18.33  Simbad
162.0867  +12.6247  N3384-72   10 48 20.8  +12 37 29.0   723.30  18.49  Simbad
162.0892  +12.6387  N3384-73   10 48 21.4  +12 38 19.4   572.30  18.45  Simbad
162.0896  +12.6018  N3384-74   10 48 21.5  +12 36 06.5   771.70  19.06  Simbad
162.0900  +12.6456  N3384-75   10 48 21.6  +12 38 44.1   491.90  18.48  Simbad
162.0904  +12.6567  N3384-76   10 48 21.7  +12 39 24.2   600.60  19.07  Simbad
162.0925  +12.6635  N3384-77   10 48 22.2  +12 39 48.6   620.50  18.58  Simbad
162.0950  +12.6441  N3384-78   10 48 22.8  +12 38 38.9   473.40  19.12  Simbad
162.0979  +12.6372  N3384-79   10 48 23.5  +12 38 13.8   633.60  18.72  Simbad
162.0996  +12.6403  N3384-80   10 48 23.9  +12 38 25.1   567.10  18.04  Simbad
162.1004  +12.5934  N3384-81   10 48 24.1  +12 35 36.4   789.20  18.36  Simbad
162.1017  +12.6454  N3384-82   10 48 24.4  +12 38 43.5   585.70  17.88  Simbad
162.1029  +12.6127  N3384-83   10 48 24.7  +12 36 45.6   688.70  18.66  Simbad
162.1037  +12.6623  N3384-84   10 48 24.9  +12 39 44.3   579.00  18.71  Simbad
162.1042  +12.6334  N3384-85   10 48 25.0  +12 38 00.4   664.30  19.68  Simbad
162.1050  +12.6602  N3384-86   10 48 25.2  +12 39 36.6   559.10  18.00  Simbad
162.1054  +12.6269  N3384-87   10 48 25.3  +12 37 36.9   740.30  19.10  Simbad
162.1067  +12.6303  N3384-88   10 48 25.6  +12 37 48.9   626.10  18.61  Simbad
162.1104  +12.6512  N3384-89   10 48 26.5  +12 39 04.2   512.10  19.00  Simbad
162.1125  +12.6691  N3384-90   10 48 27.0  +12 40 08.8   641.60  18.58  Simbad
162.1237  +12.6435  N3384-91   10 48 29.7  +12 38 36.7   669.10  18.61  Simbad
162.1300  +12.6507  N3384-92   10 48 31.2  +12 39 02.6   646.90  18.41  Simbad
162.1383  +12.6075  N3384-93   10 48 33.2  +12 36 26.9   629.00  18.23  Simbad
039.98300  +39.05922         1  02 39 55.92  +39 03 33.2   730   14  s
039.98917  +39.05392         2  02 39 57.40  +39 03 14.1   772   13  s
039.99683  +39.07453         3  02 39 59.24  +39 04 28.3   446   14  s
040.00562  +39.07517         4  02 40 01.35  +39 04 30.6   639   13  s
040.00712  +39.04881         5  02 40 01.71  +39 02 55.7   510   13  s
040.01062  +39.07153         6  02 40 02.55  +39 04 17.5   397   13  s
040.01083  +39.06556         7  02 40 02.60  +39 03 56.0   675   13  s
040.01637  +39.09706         8  02 40 03.93  +39 05 49.4   473   14  s
040.02554  +39.06078         9  02 40 06.13  +39 03 38.8   550   28  s
040.02700  +39.04889        10  02 40 06.48  +39 02 56.0   453   13  s
040.02721  +39.07339        11  02 40 06.53  +39 04 24.2   740   15  s
040.02854  +39.02636        12  02 40 06.85  +39 01 34.9   767   13  s
040.02913  +39.06792        13  02 40 06.99  +39 04 04.5   410   13  s
040.02917  +39.02158        14  02 40 07.00  +39 01 17.7   408   14  s
040.02954  +39.06592        15  02 40 07.09  +39 03 57.3   701   13  s
040.03004  +39.04450        16  02 40 07.21  +39 02 40.2   446   13  s
040.03108  +39.03467        17  02 40 07.46  +39 02 04.8   790   32  s
040.03492  +39.05939        18  02 40 08.38  +39 03 33.8   456   16  s
040.03525  +39.06194        19  02 40 08.46  +39 03 43.0   548   13  s
040.04033  +39.04728        20  02 40 09.68  +39 02 50.2   379   13  s
040.04071  +39.05283        21  02 40 09.77  +39 03 10.2   385   13  s
040.04087  +39.05386        22  02 40 09.81  +39 03 13.9   447   13  s
040.04262  +39.06022        23  02 40 10.23  +39 03 36.8   733   13 a
040.04546  +39.07489        24  02 40 10.91  +39 04 29.6   372   13  s
040.04612  +39.06481        25  02 40 11.07  +39 03 53.3   489   13  s
040.04629  +39.04042        26  02 40 11.11  +39 02 25.5   600   14  s
040.04750  +39.03994        27  02 40 11.40  +39 02 23.8   587   23  s
040.04850  +39.08072        28  02 40 11.64  +39 04 50.6   511   13  s
040.04933  +39.06372        29  02 40 11.84  +39 03 49.4   465   13  s
040.05067  +39.05911        30  02 40 12.16  +39 03 32.8   490   13  s
040.05133  +39.06222        31  02 40 12.32  +39 03 44.0   350   19  s
040.05325  +39.05183        32  02 40 12.78  +39 03 06.6   511   24  s
040.05371  +39.05208        33  02 40 12.89  +39 03 07.5   523   24  s
040.05621  +39.07506        34  02 40 13.49  +39 04 30.2   471   13  s
040.05633  +39.06628        35  02 40 13.52  +39 03 58.6   447   14  s
040.05746  +39.05792        36  02 40 13.79  +39 03 28.5   390   14  s
040.05883  +39.09589        37  02 40 14.12  +39 05 45.2   566   13  s
040.05937  +39.05453        38  02 40 14.25  +39 03 16.3   305   16  s
040.06071  +39.07667        39  02 40 14.57  +39 04 36.0   479   13  s
040.06087  +39.05506        40  02 40 14.61  +39 03 18.2   357   13  s
040.06104  +39.06514        41  02 40 14.65  +39 03 54.5   371   13  s
040.06187  +39.05097        42  02 40 14.85  +39 03 03.5   441   13  s
040.06208  +39.07111        43  02 40 14.90  +39 04 16.0   898   13 a
040.06237  +39.05458        44  02 40 14.97  +39 03 16.5   449   13  s
040.06296  +39.06250        45  02 40 15.11  +39 03 45.0   516   13  s
040.06296  +39.07522        46  02 40 15.11  +39 04 30.8   560   13 s 
040.06354  +39.05253        47  02 40 15.25  +39 03 09.1   372   13  s
040.06387  +39.04861        48  02 40 15.33  +39 02 55.0   346   13  s
040.06679  +39.05017        49  02 40 16.03  +39 03 00.6   486   13  s
040.06737  +39.05217        50  02 40 16.17  +39 03 07.8   545   13  s
040.06796  +39.07300        51  02 40 16.31  +39 04 22.8   440   13  s
040.06804  +39.04856        52  02 40 16.33  +39 02 54.8   581   13  s
040.06812  +39.04411        53  02 40 16.35  +39 02 38.8   775   13  s
040.06837  +39.03500        54  02 40 16.41  +39 02 06.0   381   16  s
040.06871  +39.08258        55  02 40 16.49  +39 04 57.3   474   14  s
040.06917  +39.05531        56  02 40 16.60  +39 03 19.1   460   13  s
040.07025  +39.03872        57  02 40 16.86  +39 02 19.4   570   19  s
040.07104  +39.01731        58  02 40 17.05  +39 01 02.3   591   13  s
040.07154  +39.05008        59  02 40 17.17  +39 03 00.3   467   14  s
040.07208  +39.06750        60  02 40 17.30  +39 04 03.0   389   14  s
040.07233  +39.06972        61  02 40 17.36  +39 04 11.0   540   13  s
040.07317  +39.06314        62  02 40 17.56  +39 03 47.3   635   13  s
040.07317  +39.06928        63  02 40 17.56  +39 04 09.4   338   14  s
040.07479  +39.06944        64  02 40 17.95  +39 04 10.0   495   13  s
040.07537  +39.08061        65  02 40 18.09  +39 04 50.2   466   13  s
040.07575  +39.06539        66  02 40 18.18  +39 03 55.4   376   16  s
040.07579  +39.06175        67  02 40 18.19  +39 03 42.3   386   17  s
040.07629  +39.07053        68  02 40 18.31  +39 04 13.9   348   14  s
040.07646  +39.06631        69  02 40 18.35  +39 03 58.7   461   13  s
040.07675  +39.05792        70  02 40 18.42  +39 03 28.5   334   13  s
040.08008  +39.09981        71  02 40 19.22  +39 05 59.3   898   13  s
040.08046  +39.04769        72  02 40 19.31  +39 02 51.7   494   14  s
040.08079  +39.06450        73  02 40 19.39  +39 03 52.2   366   13  s
040.08417  +39.05456        74  02 40 20.20  +39 03 16.4   427   13  s
040.08479  +39.08361        75  02 40 20.35  +39 05 01.0   485   14  s
040.08496  +39.06692        76  02 40 20.39  +39 04 00.9   561   18  s
040.08500  +39.05422        77  02 40 20.40  +39 03 15.2   444   14  s
040.08737  +39.06386        78  02 40 20.97  +39 03 49.9   442   13  s
040.08796  +39.06319        79  02 40 21.11  +39 03 47.5   442   14  s
040.08800  +39.06992        80  02 40 21.12  +39 04 11.7   543   13  s
040.08842  +39.05231        81  02 40 21.22  +39 03 08.3   535   16  s
040.09087  +39.01989        82  02 40 21.81  +39 01 11.6   787   18  s
040.09104  +39.08586        83  02 40 21.85  +39 05 09.1   619   13  s
040.09146  +39.09053        84  02 40 21.95  +39 05 25.9   603   13  s
040.09275  +39.04214        85  02 40 22.26  +39 02 31.7   606   13  s
040.09279  +39.03439        86  02 40 22.27  +39 02 03.8   661   15  s
040.09283  +39.04756        87  02 40 22.28  +39 02 51.2   537   13  s
040.09296  +39.07228        88  02 40 22.31  +39 04 20.2   592   13  s
040.09300  +39.07486        89  02 40 22.32  +39 04 29.5   586   14  s
040.09417  +39.07775        90  02 40 22.60  +39 04 39.9   696   13  s
040.09433  +39.07053        91  02 40 22.64  +39 04 13.9   485   14  s
040.09608  +39.06922        92  02 40 23.06  +39 04 09.2   675   14  s
040.09796  +39.05744        93  02 40 23.51  +39 03 26.8   599   15  s
040.09933  +39.07550        94  02 40 23.84  +39 04 31.8   499   13  s
040.10021  +39.04650        95  02 40 24.05  +39 02 47.4   582   31  s
040.10092  +39.09097        96  02 40 24.22  +39 05 27.5   768   13  s
040.10171  +39.05422        97  02 40 24.41  +39 03 15.2   742   14  s
040.10204  +39.13639        98  02 40 24.49  +39 08 11.0   737   14  s
040.10437  +39.07994        99  02 40 25.05  +39 04 47.8   738   14  s
040.10442  +39.07289       100  02 40 25.06  +39 04 22.4   588   14  s
040.10517  +39.06883       101  02 40 25.24  +39 04 07.8   512   17  s
040.10546  +39.05469       102  02 40 25.31  +39 03 16.9   612   14  s
040.10554  +39.07247       103  02 40 25.33  +39 04 20.9   571   13  s
040.10617  +39.07297       104  02 40 25.48  +39 04 22.7   729   14  s
040.10662  +39.08144       105  02 40 25.59  +39 04 53.2   745   13  s
040.10742  +39.05042       106  02 40 25.78  +39 03 01.5   531   14  s
040.10750  +39.05889       107  02 40 25.80  +39 03 32.0   534   13  s
040.10762  +39.05975       108  02 40 25.83  +39 03 35.1   573   16  s
040.10808  +39.05267       109  02 40 25.94  +39 03 09.6   591   13  s
040.10846  +39.04517       110  02 40 26.03  +39 02 42.6   688   13  s
040.10854  +39.07517       111  02 40 26.05  +39 04 30.6   672   13  s
040.10925  +39.03883       112  02 40 26.22  +39 02 19.8   566   13  s
040.10942  +39.04267       113  02 40 26.26  +39 02 33.6   662   13  s
040.10996  +39.07989       114  02 40 26.39  +39 04 47.6   681   13  s
040.11175  +39.05483       115  02 40 26.82  +39 03 17.4   691   14  s
040.11217  +39.06744       116  02 40 26.92  +39 04 02.8   928   13  s
040.11254  +39.06278       117  02 40 27.01  +39 03 46.0   740   13  s
040.11283  +39.07017       118  02 40 27.08  +39 04 12.6   767   13  s
040.11300  +39.06417       119  02 40 27.12  +39 03 51.0   854   17  s
040.11387  +39.06708       120  02 40 27.33  +39 04 01.5   724   13  s
040.11396  +39.06900       121  02 40 27.35  +39 04 08.4   801   13  s
040.11450  +39.07653       122  02 40 27.48  +39 04 35.5   736   13  s
040.11462  +39.07750       123  02 40 27.51  +39 04 39.0   794   13  s
040.11467  +39.05303       124  02 40 27.52  +39 03 10.9   625   18  s
040.11500  +39.07097       125  02 40 27.60  +39 04 15.5   846   13  s
040.11712  +39.06833       126  02 40 28.11  +39 04 06.0   802   15  s
040.11742  +39.03419       127  02 40 28.18  +39 02 03.1   410   14  s
040.11937  +39.06522       128  02 40 28.65  +39 03 54.8   773   13  s
040.11987  +39.06308       129  02 40 28.77  +39 03 47.1   684   13  s
040.12029  +39.06672       130  02 40 28.87  +39 04 00.2   846   13  s
040.12112  +39.05625       131  02 40 29.07  +39 03 22.5   859   13  s
040.12167  +39.07658       132  02 40 29.20  +39 04 35.7   762   13  s
040.12212  +39.06172       133  02 40 29.31  +39 03 42.2   726   13  s
040.12242  +39.07139       134  02 40 29.38  +39 04 17.0   725   16  s
040.12246  +39.07275       135  02 40 29.39  +39 04 21.9   859   14  s
040.12262  +39.05789       136  02 40 29.43  +39 03 28.4   745   14  s
040.12287  +39.05150       137  02 40 29.49  +39 03 05.4   765   13  s
040.12304  +39.07936       138  02 40 29.53  +39 04 45.7   683   14  s
040.12354  +39.06633       139  02 40 29.65  +39 03 58.8   649   13  s
040.12383  +39.03994       140  02 40 29.72  +39 02 23.8   741   13  s
040.12525  +39.06667       141  02 40 30.06  +39 04 00.0   833   13  s
040.12604  +39.06428       142  02 40 30.25  +39 03 51.4   835   13  s
040.12683  +39.06772       143  02 40 30.44  +39 04 03.8   661   17  s
040.12742  +39.09853       144  02 40 30.58  +39 05 54.7   450   13  s
040.12750  +39.06083       145  02 40 30.60  +39 03 39.0   855   13  s
040.12808  +39.05564       146  02 40 30.74  +39 03 20.3   812   13  s
040.12950  +39.07728       147  02 40 31.08  +39 04 38.2   868   13  s
040.13037  +39.05756       148  02 40 31.29  +39 03 27.2   809   13  s
040.13233  +39.05950       149  02 40 31.76  +39 03 34.2   766   14  s
040.13237  +39.06142       150  02 40 31.77  +39 03 41.1   874   13  s
040.13533  +39.06517       151  02 40 32.48  +39 03 54.6   772   14  s
040.13654  +39.06994       152  02 40 32.77  +39 04 11.8   856   13  s
040.13687  +39.08033       153  02 40 32.85  +39 04 49.2   745   13  s
040.13837  +39.06047       154  02 40 33.21  +39 03 37.7   776   13  s
040.13875  +39.05828       155  02 40 33.30  +39 03 29.8   780   13  s
040.13896  +39.06306       156  02 40 33.35  +39 03 47.0   823   16  s
040.13912  +39.05294       157  02 40 33.39  +39 03 10.6   786   14  s
040.14033  +39.07958       158  02 40 33.68  +39 04 46.5   728   13  s
040.14033  +39.05686       159  02 40 33.68  +39 03 24.7   765   15  s
040.14067  +39.05292       160  02 40 33.76  +39 03 10.5   810   14 c
040.14183  +39.07644       161  02 40 34.04  +39 04 35.2   618   13  s
040.14333  +39.04361       162  02 40 34.40  +39 02 37.0   755   14 c
040.14375  +39.06747       163  02 40 34.50  +39 04 02.9   813   13  s
040.14450  +39.06594       164  02 40 34.68  +39 03 57.4   832   17  s
040.14512  +39.06206       165  02 40 34.83  +39 03 43.4   812   13  s
040.14804  +39.05342       166  02 40 35.53  +39 03 12.3   745   13 c
040.14875  +39.06256       167  02 40 35.70  +39 03 45.2   753   13  s
040.14892  +39.05731       168  02 40 35.74  +39 03 26.3   830   13 c
040.14900  +39.05911       169  02 40 35.76  +39 03 32.8   777   14 c
040.15317  +39.05406       170  02 40 36.76  +39 03 14.6   723   13 c
040.15346  +39.06303       171  02 40 36.83  +39 03 46.9   767   13 c
040.15358  +39.04786       172  02 40 36.86  +39 02 52.3   741   13 c
040.15446  +39.05100       173  02 40 37.07  +39 03 03.6   771   14 c
040.15600  +39.05658       174  02 40 37.44  +39 03 23.7   732   13 c
040.15646  +39.06200       175  02 40 37.55  +39 03 43.2   722   13 c
040.15746  +39.06161       176  02 40 37.79  +39 03 41.8   828   13 c
040.15779  +39.04044       177  02 40 37.87  +39 02 25.6   750   13 c
040.15837  +39.05042       178  02 40 38.01  +39 03 01.5   744   13 c
040.15887  +39.05986       179  02 40 38.13  +39 03 35.5   808   13 c
040.15900  +39.07061       180  02 40 38.16  +39 04 14.2   748   13  s
040.16162  +39.05967       181  02 40 38.79  +39 03 34.8   848   13 c
040.16421  +39.08047       182  02 40 39.41  +39 04 49.7   750   13  s
040.16629  +39.07003       183  02 40 39.91  +39 04 12.1   822   13 c
040.16683  +39.06275       184  02 40 40.04  +39 03 45.9   736   13 c
040.16767  +39.09139       185  02 40 40.24  +39 05 29.0   716   13  s
040.16883  +39.11703       186  02 40 40.52  +39 07 01.3   664   13  s
040.16962  +39.06400       187  02 40 40.71  +39 03 50.4   781   13 c
040.16975  +39.09753       188  02 40 40.74  +39 05 51.1   769   13  s
040.16992  +39.07733       189  02 40 40.78  +39 04 38.4   787   13  s
040.17021  +39.10933       190  02 40 40.85  +39 06 33.6   700   35  s
040.17121  +39.07253       191  02 40 41.09  +39 04 21.1   419   13 a
040.17254  +39.08808       192  02 40 41.41  +39 05 17.1   717   14  s
040.17362  +39.13806       193  02 40 41.67  +39 08 17.0   610   13  s
040.17454  +39.02453       194  02 40 41.89  +39 01 28.3   757   13  s
040.17667  +39.06208       195  02 40 42.40  +39 03 43.5   748   13 c
040.17725  +39.07369       196  02 40 42.54  +39 04 25.3   813   16  s
040.17946  +39.04389       197  02 40 43.07  +39 02 38.0   741   13  s
040.17954  +39.06800       198  02 40 43.09  +39 04 04.8   658   13  s
040.18500  +39.06208       199  02 40 44.40  +39 03 43.5   785   13  s
040.18637  +39.03528       200  02 40 44.73  +39 02 07.0  1703   13 b
040.18654  +39.06878       201  02 40 44.77  +39 04 07.6   545   13  s
040.19333  +39.01761       202  02 40 46.40  +39 01 03.4   452   13  s
040.19879  +39.10142       203  02 40 47.71  +39 06 05.1   804   13  s
040.20408  +39.06633       204  02 40 48.98  +39 03 58.8   734   13  s
