0.955712716695 0.955752159606 1
0.601772910827 0.601582018104 2
0.735381034039 0.73565005085 3
0.61020381863 0.60982431869 4
0.652323617269 0.652369886454 5
0.624770365156 0.62473661863 6
0.633785964627 0.633264802801 7
0.777751719607 0.777956720697 8
0.785095026471 0.78519057946 9
0.558910710089 0.558823521778 10
0.573627845789 0.573966761171 11
0.635802113156 0.63576130209 12
0.920405365589 0.920499081667 13
0.589560582268 0.589066630192 14
0.756307850121 0.756682676462 15
0.693125739282 0.693508814697 16
0.808682993376 0.808784058413 17
0.5 0.5 18
0.745774635382 0.745851410239 19
0.768890185337 0.769290838949 20
0.624480215598 0.624412175694 21
0.5 0.5 22
0.637808156438 0.637886989669 23
0.601571044327 0.601526040501 24
0.744153336384 0.744228281098 25
0.592872429106 0.593302194877 26
0.664298248034 0.664671078865 27
0.663702174542 0.663384002763 28
0.750348427531 0.750409324568 29
0.767701822853 0.767768648275 30
0.5 0.5 31
0.633205686272 0.633146804933 32
0.636170952419 0.636632222215 33
0.651961099748 0.652004213882 34
0.834937167434 0.83501569041 35
0.631769624609 0.631766373844 36
0.550333189203 0.550389437395 37
0.628870119954 0.628803094547 38
0.631023377321 0.631015644832 39
0.648677283513 0.648728869177 40
0.573274554018 0.573524750195 41
0.7404077536 0.740471558557 42
0.63939429975 0.639319285472 43
0.637546054691 0.637702557932 44
0.5 0.5 45
0.76250582509 0.762566598972 46
0.60553511762 0.605667667457 47
0.5 0.5 48
0.61510665395 0.614653383553 49
0.676752979512 0.676838034437 50
0.65245211645 0.652499522868 51
0.568271170053 0.568604935916 52
0.5 0.5 53
0.625309168633 0.625230179989 54
0.547062745855 0.547050239451 55
0.766084013265 0.76616388153 56
0.55785807137 0.55769742714 57
0.631542840639 0.631993774821 58
0.929964614405 0.929999476965 59
0.624265769882 0.623921623663 60
0.732974473505 0.733116681831 61
0.927345715432 0.927366810461 62
0.900201586643 0.900366634769 63
0.89376910867 0.893915869467 64
0.640618059554 0.640641275305 65
0.862964234645 0.863039486475 66
0.637765506333 0.637707471153 67
0.747726919853 0.747789547202 68
0.598815421723 0.599171319236 69
0.639174595114 0.639191946882 70
0.562663617762 0.562533513812 71
0.564498576854 0.564099532131 72
0.883776962482 0.8839684226 73
0.601874455647 0.601806766443 74
0.715824599016 0.716164261134 75
0.592879041744 0.592969030407 76
0.795940578005 0.796078242217 77
0.810097033194 0.810245906318 78
0.655957664275 0.656451879518 79
0.655845886692 0.655890731417 80
0.767237778822 0.76762950996 81
0.588478225029 0.588844297503 82
0.668256473669 0.668312289248 83
0.563530182745 0.56389746554 84
0.631974671701 0.631148247937 85
0.5 0.5 86
0.960929546523 0.960970439113 87
0.612623535555 0.612539337416 88
0.908913722481 0.908952411354 89
0.644898046695 0.644564067963 90
0.593123799043 0.593570097342 91
0.697355649517 0.697729204784 92
0.727162725027 0.727234144641 93
0.752577535863 0.75264111916 94
0.71640180342 0.716465388206 95
0.760661797207 0.760887428313 96
0.730831481409 0.731182529317 97
0.566097163707 0.56620196771 98
0.589705916233 0.589716284671 99
0.594158091103 0.59375576488 100
0.762396843874 0.762521483205 101
0.622008821066 0.621616045857 102
0.629072696508 0.629056725765 103
0.862646138816 0.862686111819 104
0.588527364343 0.588900128745 105
0.788827532203 0.789085844087 106
0.556169298992 0.556216259296 107
0.741038873664 0.741262859433 108
0.5 0.5 109
0.65107436233 0.650872253329 110
0.567063369021 0.567354845303 111
0.670591765809 0.670393972362 112
0.603797295648 0.603585399902 113
0.5 0.5 114
0.626818550789 0.626199334298 115
0.621752226061 0.622216772611 116
0.574480976843 0.574540572117 117
0.625921029705 0.625884545451 118
0.653459794983 0.653503308002 119
0.897600067571 0.897710452417 120
0.943988360365 0.944018533355 121
0.5 0.5 122
0.5 0.5 123
0.584321002911 0.583957744621 124
0.548453437599 0.548661459552 125
0.640561243082 0.640595762977 126
0.950870761572 0.95093637899 127
0.5 0.5 128
0.799355655335 0.799706003826 129
0.646498328155 0.646973858576 130
0.642973937078 0.643024150433 131
0.668006940766 0.668406637135 132
0.869730095208 0.869947440435 133
0.5 0.5 134
0.656166500023 0.656217772408 135
0.951794064868 0.951842875449 136
0.578044366864 0.578436855933 137
0.644208205585 0.644465545411 138
0.5 0.5 139
0.703745268162 0.704086615026 140
0.613192019641 0.61316622197 141
0.713048100024 0.713387821865 142
0.664973689592 0.6647577122 143
0.630257750412 0.630170166699 144
0.637142908231 0.637201908441 145
0.638041499886 0.638200734868 146
0.559225028485 0.558975248852 147
0.679686156944 0.679746084401 148
0.619690695519 0.619612262086 149
0.912878542296 0.912910230701 150
0.925713519368 0.925823165214 151
0.79797471537 0.798276110484 152
0.616649382672 0.616489447815 153
0.64597790337 0.645360274629 154
0.671134696418 0.67084100293 155
0.782470689608 0.782770550389 156
0.686503394999 0.68694592368 157
0.774230989342 0.774301543628 158
0.958001876452 0.958030259228 159
0.5 0.5 160
0.627195976896 0.626493859201 161
0.91353117604 0.913625685564 162
0.645935941965 0.645791080081 163
0.819645610521 0.81979142987 164
0.5 0.5 165
0.776665035288 0.776723245364 166
0.822531788129 0.822684726284 167
0.5 0.5 168
0.693300019341 0.693683407277 169
0.692168378046 0.692614244866 170
0.574781101755 0.574461908525 171
0.591578978822 0.591805026405 172
0.694379138961 0.694453365 173
0.680254452011 0.680313527435 174
0.787349202576 0.787405045248 175
0.646192116283 0.645525609091 176
0.909641658795 0.909667586256 177
0.854916729463 0.854960153297 178
0.653919551127 0.654008638749 179
0.60132386217 0.601240333826 180
0.691364809447 0.691783954948 181
0.690457365759 0.690665664811 182
0.841884244591 0.842147696828 183
0.85907890782 0.859212308703 184
0.755387593299 0.755468479806 185
0.66860130613 0.668356904067 186
0.5 0.5 187
0.763822216868 0.764038995376 188
0.673534163373 0.673916179111 189
0.582222873287 0.58208797704 190
0.600307667052 0.600561450255 191
0.910793981517 0.910860941714 192
0.625761563934 0.626001238201 193
0.818505444314 0.81877287208 194
0.696477209087 0.696590180936 195
0.70735401653 0.707432186515 196
0.942178596243 0.942263211534 197
0.615785829176 0.615960728182 198
0.867365278186 0.867450161282 199
0.63876416842 0.638780865734 200
0.59404607266 0.594057926851 201
0.863332405883 0.863467422577 202
0.694657424255 0.695015992423 203
0.672377622805 0.672862218285 204
0.621686417057 0.621593066179 205
0.594003833798 0.59417887623 206
0.637306125824 0.637160009058 207
0.874456670112 0.874624712683 208
0.641177786136 0.641364010547 209
0.646870219068 0.64656840491 210
0.708073004293 0.708139477163 211
0.688626960891 0.688687686106 212
0.925928474521 0.925980869645 213
0.551360588176 0.551251545285 214
0.546764746644 0.546698580732 215
0.938706049795 0.93876082794 216
0.626471832154 0.626498132697 217
0.85972986192 0.859809722076 218
0.658601332823 0.658651177258 219
0.547861364061 0.548076328815 220
0.575338083617 0.575219035043 221
0.659626424089 0.659170220715 222
0.670820161269 0.670877341168 223
0.627323346384 0.627805886714 224
0.801257488832 0.8013740489 225
0.918139754477 0.91819948838 226
0.586716437331 0.586621677709 227
0.5 0.5 228
0.700130614355 0.700585288307 229
0.595387001227 0.595334439493 230
0.800280945002 0.800437266667 231
0.855327585228 0.855578421835 232
0.560683798095 0.561033955229 233
0.608519869433 0.60815830917 234
0.606183624352 0.606114792954 235
0.673912733905 0.673971170545 236
0.5 0.5 237
0.667644970729 0.667432562392 238
0.693883080747 0.694129504373 239
0.629200120708 0.629166403264 240
0.901575295796 0.901675197287 241
0.840311528169 0.840360107366 242
0.88413358131 0.884216027018 243
0.908944974943 0.908979572325 244
0.608884364012 0.608923679 245
0.63876160332 0.638789832121 246
0.848836149198 0.848888949966 247
0.5 0.5 248
0.86847784028 0.868668660558 249
0.606967528869 0.607124594188 250
0.624384194111 0.624646725735 251
0.555797267813 0.555854199791 252
0.638689603704 0.638706223324 253
0.601916768552 0.602375952394 254
0.95712728737 0.957172305759 255
0.57611600379 0.576394193055 256
0.687269352336 0.687330288087 257
0.669352013352 0.669156710586 258
0.637560313289 0.637620891343 259
0.866467386222 0.86650435771 260
0.62854293341 0.628467802065 261
0.661363913036 0.661473277693 262
0.885542147233 0.885591111899 263
0.547871090974 0.548133799422 264
0.607727084913 0.60761407473 265
0.800498274481 0.800781126737 266
0.924972230253 0.924992990169 267
0.777340404415 0.777481557142 268
0.658579364192 0.6578556712 269
0.648454582653 0.648496133643 270
0.629484331572 0.629974474179 271
0.602044794609 0.601497367387 272
0.666500183891 0.666556047369 273
0.768741357088 0.768814533045 274
0.770005451384 0.770065065783 275
0.611556596988 0.611197463023 276
0.655944591533 0.655990467974 277
0.633815207218 0.633820426923 278
0.65960093641 0.659755417613 279
0.788386122584 0.788539882413 280
0.707113322669 0.70739531664 281
0.949180484706 0.949222274295 282
0.692714026844 0.692777750762 283
0.607734145609 0.607350102706 284
0.566993500809 0.566937601814 285
0.626148849502 0.626210817532 286
0.772922521862 0.77328014183 287
0.684969260419 0.685046198024 288
0.624171777834 0.624428040738 289
0.66258788075 0.662642782065 290
0.753382651668 0.753442790756 291
0.603985004201 0.603828926139 292
0.566304929208 0.566649394134 293
0.604173894 0.604128022559 294
0.547635677708 0.547682225956 295
0.70401488478 0.70407870043 296
0.74473857197 0.745163046282 297
0.64504716575 0.644875074832 298
0.757645843736 0.75772049885 299
0.75320305696 0.75355690102 300
0.615620337751 0.615812139868 301
0.588631756723 0.588737963157 302
0.636646013823 0.636658254275 303
0.70473841377 0.705187464091 304
0.687027601225 0.687088501109 305
0.612464622118 0.612301628854 306
0.796355091499 0.79646537476 307
0.728848482299 0.728955179491 308
0.665220006019 0.665522612674 309
0.735537599124 0.7358996316 310
0.605725799978 0.606074095073 311
0.686122936431 0.686337506188 312
0.662786463782 0.6630091114 313
0.65821866252 0.658585543046 314
0.615478056037 0.615458343624 315
0.64583920031 0.646230944348 316
0.5875923783 0.587028229667 317
0.653283750912 0.653329227261 318
0.648772086573 0.648931482592 319
0.665400212195 0.665832062235 320
0.895585646075 0.89573370531 321
0.546222849144 0.546195946818 322
0.637577307071 0.637527768547 323
0.617067709161 0.61615688693 324
0.664127574215 0.664186928388 325
0.574837978519 0.574874096265 326
0.803758818774 0.803813358628 327
0.565835430644 0.566064313849 328
0.57360827115 0.573654451679 329
0.554379186706 0.554168212209 330
0.60416402507 0.604166682898 331
0.693238915885 0.693709319621 332
0.718888259 0.718957704804 333
0.73043743338 0.73059724245 334
0.549925537113 0.549913440277 335
0.807428724581 0.807725707202 336
0.626207570915 0.626135480488 337
0.654503638973 0.655006558139 338
0.61812963437 0.618095272481 339
0.665162600284 0.66548087944 340
0.586894576875 0.587310695847 341
0.584652075282 0.585030559693 342
0.59518606438 0.594768655839 343
0.703618563625 0.703710000924 344
0.669343264523 0.669396058123 345
0.697392039286 0.69763017187 346
0.807127253874 0.807428085883 347
0.843663978041 0.843847812712 348
0.657595018101 0.657744529844 349
0.591035785423 0.591385739534 350
