   3.6399  -5.4519   595.70      .63      .52      .48    -4.55     1.00   -80.91     7.57      .00
   3.6428  -5.4429   668.21      .59      .57      .43    -4.64     1.00    76.70   -24.69      .00
   3.6429  -5.4491   552.04      .63     1.00      .00    -5.45     1.00    81.78    -2.62      .00
   3.6438  -5.4507   770.29      .65     1.00      .00    -5.86     1.00   127.16     3.32      .00
   3.6404  -5.4556   687.18      .59      .58      .42    -4.74     1.00   -55.15    20.79      .00
   3.6433  -5.4442   662.56      .62      .53      .47    -4.52     1.00   101.19   -20.17      .00
   3.6427  -5.4464   791.84      .62      .87      .13    -6.06     1.00    71.04   -12.14      .00
   3.6426  -5.4478   616.10      .63      .44      .56    -4.31     1.00    67.43    -7.23      .00
   3.6426  -5.4555   635.55      .59      .57      .43    -4.60     1.00    62.65    20.66      .00
   3.6431  -5.4417   698.93      .60      .59      .41    -4.78     1.00    92.47   -29.02      .00
   3.6402  -5.4453   815.58      .61      .74      .26    -6.28     1.00   -62.79   -16.23      .00
   3.6392  -5.4481   729.66      .64     1.00      .00    -5.46     1.00  -117.77    -6.12      .00
   3.6405  -5.4406   557.52      .56      .57      .43    -4.98     1.00   -47.28   -33.26      .00
   3.6396  -5.4556   758.78      .61      .69      .31    -5.41     1.00   -97.23    20.85      .00
   3.6424  -5.4592   478.73      .56      .53      .47    -5.78     1.00    54.31    33.95      .00
   3.6437  -5.4543   810.73      .65      .99      .01    -6.43     1.00   125.34    16.09      .00
   3.6396  -5.4443   647.34      .61      .53      .47    -4.49     1.00   -94.79   -19.85      .00
   3.6428  -5.4453   487.85      .61      .76      .24    -5.92     1.00    75.73   -16.26      .00
   3.6428  -5.4436   600.20      .60      .56      .44    -4.66     1.00    76.03   -22.31      .00
   3.6432  -5.4580   657.46      .61      .58      .42    -4.60     1.00   100.13    29.45      .00
   3.6425  -5.4510   579.38      .65      .79      .21    -5.01     1.00    59.71     4.16      .00
   3.6425  -5.4551   576.97      .60      .58      .42    -4.79     1.00    60.67    19.25      .00
   3.6426  -5.4426   645.83      .58      .58      .42    -4.64     1.00    64.21   -26.05      .00
   3.6421  -5.4400   583.51      .55      .58      .42    -4.84     1.00    37.88   -35.27      .00
   3.6407  -5.4416   475.66      .56      .51      .49    -5.80     1.00   -37.75   -29.68      .00
   3.6435  -5.4551   716.30      .63      .63      .37    -4.91     1.00   112.21    19.04      .00
   3.6399  -5.4517   766.46      .63     1.00      .00    -5.85     1.00   -81.25     6.96      .00
   3.6403  -5.4589   522.78      .57      .56      .44    -5.26     1.00   -56.97    32.59      .00
   3.6402  -5.4571   526.42      .58      .58      .42    -5.23     1.00   -64.70    26.19      .00
   3.6403  -5.4586   549.26      .57      .57      .43    -5.03     1.00   -56.75    31.57      .00
   3.6426  -5.4423   860.93      .58      .58      .42    -6.92     1.00    64.07   -26.88      .00
   3.6400  -5.4514   495.58      .63     1.00      .00    -6.05     1.00   -72.54     5.64      .00
   3.6429  -5.4625   634.54      .60      .55      .45    -4.26     2.00    81.30    45.82      .00
   3.6401  -5.4664   708.83      .62      .62      .38    -4.75     2.00   -70.50    59.84      .00
   3.6385  -5.4517   652.17      .69      .39      .61    -3.80     2.00  -155.22     6.93      .00
   3.6454  -5.4542   762.33      .79     1.00      .00    -5.87     2.00   217.20    15.83      .00
   3.6404  -5.4320   633.97      .62      .60      .40    -4.31     2.00   -51.55   -64.18      .00
   3.6423  -5.4618   592.82      .56      .54      .46    -4.49     2.00    47.80    43.23      .00
   3.6455  -5.4401   648.76      .81      .65      .35    -4.13     2.00   223.26   -35.01      .00
   3.6393  -5.4580   863.18      .63     1.00      .00    -9.04     2.00  -114.68    29.43      .00
   3.6378  -5.4389   750.72      .76      .97      .03    -5.63     2.00  -194.48   -39.09      .00
   3.6392  -5.4300   630.50      .72      .68      .32    -4.30     2.00  -119.03   -71.36      .00
   3.6389  -5.4467   565.28      .66     1.00      .00    -5.22     2.00  -134.68   -11.19      .00
   3.6427  -5.4618   652.39      .58      .54      .46    -4.29     2.00    68.36    43.28      .00
   3.6375  -5.4473   519.65      .77     1.00      .00    -5.80     2.00  -210.71    -8.97      .00
   3.6380  -5.4495   630.73      .73     1.00      .00    -4.66     2.00  -182.95    -1.10      .00
   3.6395  -5.4608   698.63      .62      .61      .39    -4.62     2.00  -102.63    39.52      .00
   3.6428  -5.4696   492.86      .66      .74      .26    -6.25     2.00    75.08    71.15      .00
   3.6387  -5.4670   633.29      .72      .67      .33    -4.27     2.00  -142.81    61.97      .00
   3.6374  -5.4612   722.80      .79      .92      .08    -5.08     2.00  -211.76    41.06      .00
   3.6438  -5.4668   730.37      .70      .74      .26    -5.10     2.00   129.80    61.31      .00
   3.6381  -5.4438   582.90      .72      .86      .14    -4.79     2.00  -175.31   -21.50      .00
   3.6446  -5.4481   623.24      .71      .61      .39    -4.22     2.00   170.39    -6.12      .00
   3.6433  -5.4654   659.62      .65      .61      .39    -4.31     2.00   103.37    56.05      .00
   3.6392  -5.4394   457.14      .64      .97      .03    -7.56     2.00  -117.64   -37.57      .00
   3.6446  -5.4477   820.63      .71     1.00      .00    -7.46     2.00   172.05    -7.70      .00
   3.6426  -5.4336   764.92      .61      .67      .33    -5.77     2.00    65.47   -58.35      .00
   3.6441  -5.4438   733.35      .68      .97      .03    -5.46     2.00   146.21   -21.62      .00
   3.6391  -5.4650   353.52      .68      .99      .01   -11.61     2.00  -125.02    54.84      .00
   3.6445  -5.4596   768.76      .71      .98      .02    -6.08     2.00   166.42    35.23      .00
   3.6397  -5.4331   553.71      .64      .66      .34    -4.98     2.00   -88.97   -60.12      .00
   3.6403  -5.4359   543.40      .58      .61      .39    -5.16     2.00   -60.13   -50.09      .00
   3.6403  -5.4381   448.72      .57      .77      .23    -7.71     2.00   -60.78   -42.16      .00
   3.6386  -5.4387   660.04      .69      .59      .41    -4.23     2.00  -147.26   -39.80      .00
   3.6386  -5.4409   491.25      .69      .99      .01    -6.55     2.00  -151.71   -32.11      .00
   3.6405  -5.4657   555.19      .59      .60      .40    -4.95     2.00   -46.79    57.27      .00
   3.6364  -5.4172   632.08      .95      .96      .04    -4.70     3.00  -267.99  -117.43      .00
   3.6351  -5.4218   537.73      .97      .97      .03    -5.12     3.00  -336.05  -100.94      .00
   3.6342  -5.4467   614.48      .50      .32      .68    -4.28     3.00  -384.58   -11.07      .00
   3.6497  -5.4568   580.15      .50      .61      .39    -5.03     3.00   445.59    25.15      .00
   3.6348  -5.4591   753.78      .50      .79      .21    -5.70     3.00  -351.52    33.32      .00
   3.6473  -5.4499   708.82      .91     1.00      .00    -4.99     3.00   318.10      .30      .00
   3.6340  -5.4366   853.26      .50      .97      .03    -7.29     3.00  -395.69   -47.51      .00
   3.6381  -5.4680   871.10      .78      .68      .32    -6.82     3.00  -175.62    65.58      .00
   3.6466  -5.4631   550.46      .89      .89      .11    -5.02     3.00   279.57    47.97      .00
   3.6462  -5.4361   591.99      .87      .85      .15    -4.76     3.00   257.95   -49.40      .00
   3.6391  -5.4287   590.52      .74      .79      .21    -4.86     3.00  -122.97   -75.87      .00
   3.6461  -5.4767   734.00      .92      .93      .07    -5.08     3.00   250.74    96.94      .00
   3.6368  -5.4768   865.46      .92      .87      .13    -6.79     3.00  -245.11    97.33      .00
   3.6489  -5.4308   617.67      .50      .43      .57    -4.57     3.00   403.70   -68.43      .00
   3.6465  -5.4640   601.20      .89      .87      .13    -4.73     3.00   276.12    51.15      .00
   3.6471  -5.4252   563.53      .95      .95      .05    -4.93     3.00   309.21   -88.62      .00
   3.6379  -5.4792   780.63      .89      .88      .12    -5.53     3.00  -189.93   105.85      .00
   3.6400  -5.4218   646.41      .79      .85      .15    -4.77     3.00   -76.93  -100.81      .00
   3.6417  -5.4127   792.79      .89      .87      .13    -5.67     3.00    17.23  -133.62      .00
   3.6476  -5.4667   606.46      .94      .93      .07    -4.72     3.00   332.69    61.01      .00
   3.6362  -5.4666   730.61      .90      .90      .10    -5.04     3.00  -280.40    60.64      .00
   3.6365  -5.4828   726.64      .95      .96      .04    -5.02     3.00  -264.24   118.88      .00
   3.6381  -5.4179   609.87      .90      .93      .07    -4.76     3.00  -178.08  -114.77      .00
   3.6443  -5.4234   589.40      .83      .87      .13    -4.84     3.00   155.10   -94.97      .00
   3.6486  -5.4489   588.34      .50     1.00      .00    -5.49     3.00   389.85    -3.18      .00
   3.6468  -5.4622   649.17      .90      .86      .14    -4.65     3.00   288.37    44.57      .00
   3.6328  -5.4636   426.48      .50      .99      .01    -7.28     3.00  -461.66    49.75      .00
   3.6401  -5.4248   383.40      .74      .47      .53    -7.00     3.00   -69.75   -89.86      .00
   3.6402  -5.4228   505.67      .77      .76      .24    -5.44     3.00   -64.97   -97.08      .00
   3.6421  -5.4265   645.10      .69      .78      .22    -4.81     3.00    38.72   -83.84      .00
   3.6400  -5.4271   501.77      .70      .70      .30    -5.47     3.00   -71.95   -81.55      .00
   3.6410  -5.4752   560.99      .72      .78      .22    -5.02     3.00   -19.68    91.43      .00
   3.6431  -5.4249   801.10      .75      .71      .29    -5.74     3.00    91.56   -89.71      .00
