   3.6424  -5.4508   714.65      .66     1.00      .00    -5.25     1.00    54.14     3.67      .00
   3.6422  -5.4500   655.30      .68      .04      .96    -1.92     1.00    45.69      .65      .00
   3.6423  -5.4474   779.98      .64     1.00      .00    -5.80     1.00    50.32    -8.76      .00
   3.6405  -5.4523   560.69      .65     1.00      .00    -5.48     1.00   -45.23     8.85      .00
   3.6425  -5.4507   702.82      .65     1.00      .00    -5.20     1.00    59.07     3.28      .00
   3.6424  -5.4515   605.98      .65      .96      .04    -5.16     1.00    53.62     6.04      .00
   3.6423  -5.4471   527.33      .64     1.00      .00    -5.83     1.00    48.15    -9.63      .00
   3.6405  -5.4488   544.17      .67     1.00      .00    -5.60     1.00   -45.56    -3.73      .00
   3.6423  -5.4490   712.94      .67     1.00      .00    -5.22     1.00    47.65    -3.03      .00
   3.6404  -5.4480   621.14      .65      .67      .33    -4.75     1.00   -53.94    -6.39      .00
   3.6405  -5.4471   770.17      .65     1.00      .00    -5.70     1.00   -45.26    -9.68      .00
   3.6422  -5.4509   718.89      .67     1.00      .00    -5.24     1.00    45.23     3.96      .00
   3.6424  -5.4521   801.28      .64     1.00      .00    -6.07     1.00    54.04     8.25      .00
   3.6405  -5.4520   613.58      .65      .67      .33    -4.77     1.00   -46.86     7.75      .00
   3.6424  -5.4517   661.41      .64      .24      .76    -3.68     1.00    56.89     6.99      .00
   3.6424  -5.4511   654.20      .65      .18      .82    -3.39     1.00    53.80     4.67      .00
   3.6423  -5.4471   632.92      .64      .38      .62    -4.15     1.00    47.68    -9.56      .00
   3.6424  -5.4491   462.16      .66     1.00      .00    -6.73     1.00    53.31    -2.36      .00
   3.6425  -5.4491   714.84      .65     1.00      .00    -5.26     1.00    58.59    -2.69      .00
   3.6423  -5.4521   464.33      .64     1.00      .00    -6.71     1.00    50.89     8.38      .00
   3.6424  -5.4484   740.47      .65     1.00      .00    -5.42     1.00    54.48    -4.92      .00
   3.6424  -5.4518   705.22      .65      .93      .07    -5.14     1.00    53.51     7.04      .00
   3.6423  -5.4473   646.56      .64      .29      .71    -3.87     1.00    51.23    -8.90      .00
   3.6423  -5.4481   681.25      .66      .51      .49    -4.45     1.00    50.51    -5.99      .00
   3.6423  -5.4502   959.98      .67     1.00      .00    -9.21     1.00    46.78     1.34      .00
   3.6403  -5.4495   546.29      .65     1.00      .00    -5.61     1.00   -59.33    -1.24      .00
   3.6425  -5.4495   750.09      .65     1.00      .00    -5.50     1.00    58.50    -1.01      .00
   3.6423  -5.4528   833.26      .64     1.00      .00    -6.54     1.00    49.53    10.69      .00
   3.6423  -5.4476   729.08      .65      .99      .01    -5.34     1.00    50.92    -7.84      .00
   3.6424  -5.4489   894.28      .66     1.00      .00    -7.64     1.00    53.87    -3.42      .00
   3.6403  -5.4520   459.08      .64     1.00      .00    -8.91     2.00   -60.37     8.03      .00
   3.6401  -5.4483   896.97      .64     1.00      .00   -11.20     2.00   -66.85    -5.32      .00
   3.6405  -5.4547   727.80      .60      .99      .01    -5.31     2.00   -45.32    17.71      .00
   3.6426  -5.4531   776.09      .62     1.00      .00    -6.33     2.00    62.89    11.83      .00
   3.6425  -5.4470   609.58      .63      .99      .01    -4.89     2.00    58.89   -10.19      .00
   3.6400  -5.4514   718.48      .63     1.00      .00    -5.12     2.00   -76.63     5.82      .00
   3.6403  -5.4527   599.87      .63     1.00      .00    -5.00     2.00   -58.48    10.34      .00
   3.6427  -5.4463   632.71      .62      .54      .46    -4.13     2.00    68.07   -12.49      .00
   3.6426  -5.4498   742.18      .65     1.00      .00    -5.50     2.00    62.89     -.05      .00
   3.6423  -5.4463   652.37      .63      .29      .71    -3.43     2.00    49.93   -12.50      .00
   3.6423  -5.4533   629.73      .63      .55      .45    -4.14     2.00    49.98    12.46      .00
   3.6406  -5.4556   534.58      .58     1.00      .00    -6.34     2.00   -40.11    21.02      .00
   3.6402  -5.4511   773.83      .64     1.00      .00    -6.23     2.00   -61.21     4.52      .00
   3.6424  -5.4466   666.30      .63      .33      .67    -3.58     2.00    56.25   -11.37      .00
   3.6422  -5.4459   351.45      .62     1.00      .00   -14.91     2.00    44.93   -14.17      .00
   3.6426  -5.4480   596.43      .64     1.00      .00    -5.03     2.00    65.28    -6.43      .00
   3.6426  -5.4457   712.05      .61     1.00      .00    -5.06     2.00    62.85   -14.91      .00
   3.6401  -5.4510   578.70      .64     1.00      .00    -5.29     2.00   -66.99     4.27      .00
   3.6424  -5.4452   748.18      .61     1.00      .00    -5.68     2.00    52.84   -16.49      .00
   3.6424  -5.4447   780.39      .60     1.00      .00    -6.48     2.00    55.40   -18.28      .00
   3.6422  -5.4454   554.42      .61     1.00      .00    -5.81     2.00    43.72   -15.73      .00
   3.6404  -5.4470   584.01      .63     1.00      .00    -5.21     2.00   -54.21   -10.09      .00
   3.6403  -5.4464   527.93      .62     1.00      .00    -6.47     2.00   -60.88   -12.37      .00
   3.6405  -5.4554   674.89      .59      .41      .59    -3.88     2.00   -46.82    20.32      .00
   3.6400  -5.4491   601.24      .64     1.00      .00    -4.97     2.00   -74.50    -2.63      .00
   3.6401  -5.4507   636.45      .64     1.00      .00    -4.69     2.00   -66.99     3.20      .00
   3.6402  -5.4499   741.73      .65     1.00      .00    -5.49     2.00   -62.30      .33      .00
   3.6400  -5.4492   593.57      .63     1.00      .00    -5.07     2.00   -76.28    -2.19      .00
   3.6405  -5.4442   542.63      .59     1.00      .00    -6.13     2.00   -45.98   -20.10      .00
   3.6425  -5.4526   808.53      .63     1.00      .00    -7.31     2.00    60.47     9.95      .00
   3.6402  -5.4442   740.82      .59      .80      .20    -5.56     3.00   -64.69   -20.06      .00
   3.6400  -5.4528   676.70      .62      .51      .49    -3.87     3.00   -75.31    10.89      .00
   3.6397  -5.4495   859.14      .63     1.00      .00   -11.63     3.00   -90.18    -1.03      .00
   3.6427  -5.4538   605.31      .61      .69      .31    -4.52     3.00    68.55    14.44      .00
   3.6432  -5.4485   602.39      .63     1.00      .00    -4.91     3.00    97.70    -4.55      .00
   3.6401  -5.4560   605.41      .59      .61      .39    -4.43     3.00   -69.29    22.19      .00
   3.6429  -5.4470   782.17      .62     1.00      .00    -7.26     3.00    81.32   -10.12      .00
   3.6399  -5.4532   637.97      .62      .46      .54    -3.74     3.00   -81.38    12.28      .00
   3.6400  -5.4450   654.08      .60      .48      .52    -3.76     3.00   -72.50   -17.29      .00
   3.6400  -5.4453   795.12      .61     1.00      .00    -7.88     3.00   -74.51   -16.09      .00
   3.6398  -5.4539   641.65      .62      .46      .54    -3.72     3.00   -85.62    14.72      .00
   3.6406  -5.4560   607.30      .58      .58      .42    -4.36     3.00   -43.46    22.33      .00
   3.6430  -5.4526   635.11      .62      .48      .52    -3.79     3.00    85.72    10.14      .00
   3.6429  -5.4515   770.65      .63     1.00      .00    -6.77     3.00    81.65     6.15      .00
   3.6395  -5.4497   674.39      .64     1.00      .00    -4.51     3.00  -102.99     -.30      .00
   3.6425  -5.4440   747.87      .59      .78      .22    -5.76     3.00    58.17   -20.94      .00
   3.6403  -5.4552   652.65      .60      .51      .49    -3.84     3.00   -59.97    19.27      .00
   3.6399  -5.4468   577.98      .62      .99      .01    -5.46     3.00   -80.41   -10.86      .00
   3.6398  -5.4470   596.73      .62      .96      .04    -4.99     3.00   -82.73   -10.24      .00
   3.6428  -5.4468   559.98      .62     1.00      .00    -5.99     3.00    76.08   -10.66      .00
   3.6398  -5.4467   601.62      .62      .92      .08    -4.86     3.00   -86.51   -11.00      .00
   3.6430  -5.4533   722.63      .62      .97      .03    -5.23     3.00    87.46    12.61      .00
   3.6423  -5.4425   500.72      .57      .85      .15    -8.44     3.00    51.02   -26.39      .00
   3.6422  -5.4565   653.06      .57      .54      .46    -3.92     3.00    44.42    24.20      .00
   3.6422  -5.4432   600.87      .58      .58      .42    -4.49     3.00    46.03   -23.70      .00
   3.6400  -5.4465   589.83      .62      .93      .07    -5.12     3.00   -76.68   -11.83      .00
   3.6432  -5.4494   672.56      .63     1.00      .00    -4.50     3.00    97.47    -1.37      .00
   3.6397  -5.4470   736.37      .62     1.00      .00    -5.61     3.00   -90.21    -9.96      .00
   3.6426  -5.4543   658.88      .61      .49      .51    -3.79     3.00    62.91    16.31      .00
   3.6397  -5.4506   580.21      .63     1.00      .00    -5.39     3.00   -90.19     2.98      .00
   3.6430  -5.4544   763.57      .61      .99      .01    -6.51     3.00    85.16    16.68      .00
   3.6422  -5.4575   607.84      .56      .56      .44    -4.35     3.00    44.91    27.72      .00
   3.6431  -5.4539  1008.46      .62     1.00      .00   -25.95     3.00    90.49    14.69      .00
   3.6399  -5.4425   652.08      .59      .40      .60    -3.82     4.00   -82.38   -26.41      .00
   3.6395  -5.4456   617.97      .63      .73      .27    -4.52     4.00  -102.86   -15.23      .00
   3.6395  -5.4488   645.90      .64      .38      .62    -3.71     4.00  -102.98    -3.58      .00
   3.6432  -5.4449   551.63      .62     1.00      .00    -5.84     4.00    99.59   -17.51      .00
   3.6405  -5.4404   739.41      .56      .77      .23    -5.33     4.00   -45.28   -33.70      .00
   3.6394  -5.4468   690.16      .63      .90      .10    -4.71     4.00  -104.18   -10.85      .00
   3.6432  -5.4532   689.46      .63      .79      .21    -4.58     4.00    99.22    12.35      .00
   3.6393  -5.4534   774.06      .64     1.00      .00    -6.22     4.00  -112.74    13.07      .00
   3.6395  -5.4547   667.99      .62      .38      .62    -3.75     4.00  -102.63    17.78      .00
   3.6408  -5.4598   551.48      .55      .84      .16    -5.79     4.00   -29.58    36.16      .00
   3.6434  -5.4531   696.67      .63      .96      .04    -4.83     4.00   108.33    11.88      .00
   3.6401  -5.4576   737.60      .58      .87      .13    -5.37     4.00   -70.17    28.02      .00
   3.6399  -5.4442   703.27      .60      .71      .29    -4.64     4.00   -81.88   -20.11      .00
   3.6407  -5.4402   745.15      .55      .78      .22    -5.46     4.00   -35.93   -34.40      .00
   3.6399  -5.4437   627.41      .60      .47      .53    -4.07     4.00   -77.35   -22.07      .00
   3.6435  -5.4510   783.62      .64     1.00      .00    -6.47     4.00   111.36     4.32      .00
   3.6429  -5.4441   784.80      .60     1.00      .00    -6.56     4.00    79.82   -20.35      .00
   3.6404  -5.4412   598.83      .57      .61      .39    -4.63     4.00   -54.86   -30.82      .00
   3.6394  -5.4533   538.96      .63     1.00      .00    -6.12     4.00  -106.41    12.55      .00
   3.6403  -5.4418   609.91      .57      .55      .45    -4.40     4.00   -58.37   -28.71      .00
   3.6395  -5.4445   681.34      .62      .51      .49    -4.10     4.00  -103.45   -19.14      .00
   3.6395  -5.4467   458.89      .63     1.00      .00    -8.82     4.00   -99.73   -11.11      .00
   3.6392  -5.4495   538.05      .65     1.00      .00    -6.12     4.00  -119.80    -1.07      .00
   3.6427  -5.4581   901.33      .58     1.00      .00   -11.35     4.00    73.15    29.76      .00
   3.6399  -5.4563   572.63      .60      .94      .06    -5.40     4.00   -80.70    23.47      .00
   3.6431  -5.4446   778.27      .61     1.00      .00    -6.36     4.00    94.47   -18.77      .00
   3.6433  -5.4448   597.63      .62      .93      .07    -4.97     4.00   103.39   -18.03      .00
   3.6424  -5.4582   620.89      .57      .49      .51    -4.19     4.00    52.84    30.09      .00
   3.6431  -5.4541   810.94      .62     1.00      .00    -7.35     4.00    93.32    15.66      .00
   3.6393  -5.4473   481.64      .64     1.00      .00    -7.90     4.00  -111.28    -8.86      .00
   3.6421  -5.4601   660.47      .55      .45      .55    -4.29     5.00    35.70    37.14      .00
   3.6423  -5.4402   684.48      .56      .46      .54    -4.37     5.00    49.12   -34.55      .00
   3.6424  -5.4396   793.71      .56      .84      .16    -6.10     5.00    54.41   -36.64      .00
   3.6436  -5.4527   837.43      .64     1.00      .00    -7.01     5.00   119.02    10.48      .00
   3.6394  -5.4558   768.40      .62      .99      .01    -5.76     5.00  -105.59    21.44      .00
   3.6425  -5.4598   549.64      .57      .72      .28    -5.41     5.00    62.12    35.97      .00
   3.6388  -5.4505   780.72      .67     1.00      .00    -5.89     5.00  -139.48     2.41      .00
   3.6389  -5.4519   754.18      .66     1.00      .00    -5.52     5.00  -136.18     7.50      .00
   3.6395  -5.4426   596.40      .62      .63      .37    -4.73     5.00  -103.38   -25.86      .00
   3.6437  -5.4527   763.90      .65     1.00      .00    -5.67     5.00   124.04    10.61      .00
   3.6418  -5.4609   690.94      .54      .47      .53    -4.44     5.00    21.69    40.11      .00
   3.6399  -5.4397   556.00      .59      .74      .26    -5.32     5.00   -78.68   -36.54      .00
   3.6432  -5.4586   446.68      .61     1.00      .00    -7.66     5.00    98.76    31.79      .00
   3.6429  -5.4416   584.48      .59      .62      .38    -4.86     5.00    79.44   -29.61      .00
   3.6427  -5.4398   609.58      .58      .50      .50    -4.49     5.00    70.34   -36.02      .00
   3.6418  -5.4606   586.05      .54      .53      .47    -4.77     5.00    24.86    38.89      .00
   3.6435  -5.4429   742.19      .63      .90      .10    -5.33     5.00   115.30   -24.96      .00
   3.6439  -5.4515   587.32      .66     1.00      .00    -5.19     5.00   135.01     6.03      .00
   3.6388  -5.4513   435.90      .67     1.00      .00    -7.85     5.00  -139.19     5.41      .00
   3.6431  -5.4576   629.05      .61      .46      .54    -4.26     5.00    94.71    28.08      .00
   3.6435  -5.4534   755.55      .64     1.00      .00    -5.58     5.00   114.68    13.12      .00
   3.6389  -5.4506   364.21      .66     1.00      .00   -10.12     5.00  -133.51     2.75      .00
   3.6436  -5.4546   880.59      .64     1.00      .00    -8.10     5.00   119.84    17.27      .00
   3.6419  -5.4387   767.59      .55      .68      .32    -5.51     5.00    29.20   -40.02      .00
   3.6399  -5.4577   428.21      .59     1.00      .00    -8.19     5.00   -80.59    28.49      .00
   3.6389  -5.4501   549.58      .66     1.00      .00    -5.59     5.00  -133.29     1.16      .00
   3.6429  -5.4402   709.76      .59      .55      .45    -4.62     5.00    82.15   -34.67      .00
   3.6400  -5.4398   568.65      .58      .67      .33    -5.09     5.00   -77.05   -36.13      .00
   3.6391  -5.4563   488.34      .64     1.00      .00    -6.65     5.00  -121.09    23.24      .00
   3.6419  -5.4380   652.65      .55      .45      .55    -4.30     5.00    25.43   -42.38      .00
   3.6437  -5.4454   863.30      .65     1.00      .00    -7.63     5.00   122.59   -15.83      .00
   3.6387  -5.4524   573.81      .67     1.00      .00    -5.32     6.00  -145.34     9.53      .00
   3.6415  -5.4374   629.02      .54      .41      .59    -4.00     6.00     4.24   -44.81      .00
   3.6430  -5.4599   640.94      .59      .34      .66    -3.69     6.00    84.50    36.23      .00
   3.6441  -5.4467   753.45      .67     1.00      .00    -5.67     6.00   144.93   -11.10      .00
   3.6440  -5.4457   588.28      .67     1.00      .00    -5.09     6.00   142.66   -14.63      .00
   3.6429  -5.4395   569.16      .59     1.00      .00    -5.54     6.00    79.65   -37.18      .00
   3.6405  -5.4375   535.14      .56     1.00      .00    -6.34     6.00   -45.23   -44.19      .00
   3.6425  -5.4386   681.33      .57      .46      .54    -4.08     6.00    61.62   -40.30      .00
   3.6432  -5.4404   622.78      .61      .65      .35    -4.39     6.00    99.80   -33.69      .00
   3.6418  -5.4627   734.29      .55      .99      .01    -5.49     6.00    22.50    46.40      .00
   3.6389  -5.4550   638.22      .66      .52      .48    -4.01     6.00  -132.99    18.59      .00
   3.6401  -5.4384   642.51      .58      .33      .67    -3.67     6.00   -68.72   -41.05      .00
   3.6418  -5.4626   610.53      .55      .66      .34    -4.61     6.00    19.89    46.17      .00
   3.6425  -5.4618   682.17      .57      .47      .53    -4.10     6.00    60.71    43.15      .00
   3.6408  -5.4622   638.90      .55      .34      .66    -3.76     6.00   -33.87    44.56      .00
   3.6401  -5.4608   720.21      .58      .97      .03    -5.21     6.00   -67.42    39.56      .00
   3.6410  -5.4372   723.89      .55      .95      .05    -5.29     6.00   -22.77   -45.20      .00
   3.6401  -5.4381   633.09      .58      .40      .60    -3.91     6.00   -66.60   -41.96      .00
   3.6434  -5.4412   753.09      .62     1.00      .00    -5.75     6.00   107.40   -30.97      .00
   3.6396  -5.4403   709.50      .60      .97      .03    -5.02     6.00   -93.75   -34.34      .00
   3.6407  -5.4621   502.69      .55     1.00      .00    -7.30     6.00   -35.59    44.26      .00
   3.6386  -5.4534   534.24      .68     1.00      .00    -6.17     6.00  -147.14    12.81      .00
   3.6396  -5.4402   579.82      .61     1.00      .00    -5.32     6.00   -94.63   -34.57      .00
   3.6386  -5.4476   559.82      .68     1.00      .00    -5.57     6.00  -149.44    -8.09      .00
   3.6436  -5.4427   765.32      .64     1.00      .00    -6.00     6.00   117.53   -25.53      .00
   3.6429  -5.4602   765.06      .59     1.00      .00    -6.07     6.00    81.71    37.58      .00
   3.6442  -5.4478   874.00      .68     1.00      .00    -9.81     6.00   149.36    -7.15      .00
   3.6430  -5.4395   719.64      .60      .99      .01    -5.18     6.00    88.34   -37.02      .00
   3.6387  -5.4514   541.33      .68     1.00      .00    -5.99     6.00  -147.01     5.69      .00
   3.6437  -5.4432   748.57      .64     1.00      .00    -5.62     6.00   121.72   -23.59      .00
   3.6388  -5.4422   699.13      .67      .67      .33    -4.63     7.00  -141.01   -27.41      .00
   3.6395  -5.4609   782.93      .62      .98      .02    -5.97     7.00  -101.87    40.12      .00
   3.6441  -5.4562   665.84      .68      .38      .62    -3.92     7.00   146.39    23.10      .00
   3.6445  -5.4490   734.51      .71     1.00      .00    -5.24     7.00   166.86    -2.97      .00
   3.6440  -5.4440   588.42      .66      .97      .03    -5.14     7.00   138.78   -20.77      .00
   3.6439  -5.4566   804.61      .66     1.00      .00    -6.31     7.00   134.19    24.61      .00
   3.6429  -5.4624   620.93      .60      .48      .52    -4.35     7.00    79.36    45.43      .00
   3.6444  -5.4521   726.27      .70     1.00      .00    -5.17     7.00   163.68     8.44      .00
   3.6441  -5.4542   427.76      .68     1.00      .00    -8.06     7.00   146.44    16.00      .00
   3.6391  -5.4404   632.22      .64      .45      .55    -4.18     7.00  -120.57   -33.78      .00
   3.6400  -5.4378   583.42      .59      .64      .36    -4.90     7.00   -72.63   -43.20      .00
   3.6435  -5.4604   628.40      .63      .47      .53    -4.24     7.00   112.05    38.08      .00
   3.6428  -5.4621   476.69      .59     1.00      .00    -6.97     7.00    77.88    44.34      .00
   3.6444  -5.4464   578.59      .70     1.00      .00    -5.22     7.00   159.80   -12.27      .00
   3.6389  -5.4435   375.39      .66     1.00      .00    -9.72     7.00  -135.81   -22.75      .00
   3.6387  -5.4573   554.26      .67     1.00      .00    -5.52     7.00  -141.86    26.87      .00
   3.6399  -5.4620   556.78      .59      .81      .19    -5.40     7.00   -77.90    43.77      .00
   3.6396  -5.4611   444.22      .61     1.00      .00    -7.72     7.00   -98.24    40.55      .00
   3.6413  -5.4638   670.07      .55      .42      .58    -4.24     7.00    -4.90    50.36      .00
   3.6387  -5.4557   412.09      .67     1.00      .00    -8.52     7.00  -143.73    21.41      .00
   3.6425  -5.4365   733.79      .58      .66      .34    -5.02     7.00    60.89   -47.90      .00
   3.6431  -5.4611   688.22      .61      .48      .52    -4.34     7.00    91.59    40.86      .00
   3.6397  -5.4617   532.15      .60      .94      .06    -5.87     7.00   -88.24    42.71      .00
   3.6386  -5.4436   579.75      .68      .99      .01    -5.22     7.00  -147.23   -22.26      .00
   3.6440  -5.4433   803.71      .67     1.00      .00    -6.28     7.00   139.94   -23.57      .00
   3.6440  -5.4572   926.57      .67     1.00      .00    -9.48     7.00   139.23    26.70      .00
   3.6427  -5.4369   751.90      .59      .79      .21    -5.38     7.00    73.24   -46.59      .00
   3.6436  -5.4404   812.14      .64     1.00      .00    -6.49     7.00   116.65   -33.90      .00
   3.6385  -5.4414   798.08      .69     1.00      .00    -5.88     8.00  -153.95   -30.35      .00
   3.6406  -5.4350   787.56      .57      .91      .09    -5.87     8.00   -40.07   -53.18      .00
   3.6390  -5.4403   813.65      .66     1.00      .00    -6.10     8.00  -129.79   -34.31      .00
   3.6388  -5.4403   788.97      .67     1.00      .00    -5.82     8.00  -136.83   -34.10      .00
   3.6442  -5.4560   755.57      .68     1.00      .00    -5.52     8.00   151.90    22.38      .00
   3.6433  -5.4625   503.78      .63      .99      .01    -6.04     8.00   103.06    45.55      .00
   3.6445  -5.4460   593.47      .70     1.00      .00    -5.26     8.00   165.48   -13.50      .00
   3.6446  -5.4449   659.74      .72      .26      .74    -3.78     8.00   173.60   -17.58      .00
   3.6388  -5.4607   673.12      .68      .41      .59    -4.29     8.00  -141.40    39.11      .00
   3.6382  -5.4506   622.45      .71     1.00      .00    -5.15     8.00  -172.93     3.02      .00
   3.6403  -5.4637   559.52      .58      .74      .26    -5.34     8.00   -60.46    50.11      .00
   3.6405  -5.4639   564.73      .57      .68      .32    -5.24     8.00   -45.01    50.71      .00
   3.6418  -5.4652   630.47      .57      .38      .62    -4.40     8.00    20.89    55.58      .00
   3.6428  -5.4637   782.08      .60      .93      .07    -5.80     8.00    74.23    50.09      .00
   3.6391  -5.4621   743.75      .66      .87      .13    -5.34     8.00  -124.09    44.43      .00
   3.6438  -5.4614   483.40      .66     1.00      .00    -6.23     8.00   128.07    41.79      .00
   3.6441  -5.4424   547.33      .67     1.00      .00    -5.58     8.00   144.42   -26.80      .00
   3.6417  -5.4654   719.56      .57      .53      .47    -4.84     8.00    14.48    56.02      .00
   3.6401  -5.4630   508.02      .59      .97      .03    -6.04     8.00   -68.42    47.70      .00
   3.6420  -5.4656   765.48      .58      .81      .19    -5.55     8.00    32.59    56.75      .00
   3.6395  -5.4623   454.33      .62     1.00      .00    -6.67     8.00   -98.76    44.85      .00
   3.6424  -5.4353   771.04      .58      .86      .14    -5.65     8.00    52.96   -52.21      .00
   3.6389  -5.4408   468.58      .66     1.00      .00    -6.42     8.00  -132.91   -32.29      .00
   3.6433  -5.4629   742.35      .63      .79      .21    -5.28     8.00   101.58    47.16      .00
   3.6381  -5.4528   645.68      .72      .24      .76    -3.69     8.00  -177.10    10.73      .00
   3.6435  -5.4369   738.91      .65      .81      .19    -5.25     8.00   114.93   -46.47      .00
   3.6429  -5.4631   784.53      .60      .95      .05    -5.83     8.00    80.66    47.90      .00
   3.6425  -5.4652   874.24      .60     1.00      .00    -7.00     8.00    60.20    55.27      .00
   3.6437  -5.4605   741.05      .65      .88      .12    -5.35     8.00   122.96    38.49      .00
   3.6444  -5.4433   802.67      .70     1.00      .00    -5.91     8.00   161.50   -23.54      .00
   3.6402  -5.4647   583.99      .60      .60      .40    -4.95     8.00   -66.41    53.52      .00
   3.6441  -5.4630   745.71      .70     1.00      .00    -5.38     9.00   145.15    47.55      .00
   3.6397  -5.4661   736.96      .64     1.00      .00    -5.38     9.00   -93.13    58.54      .00
   3.6441  -5.4607   682.45      .68     1.00      .00    -5.00     9.00   145.87    39.10      .00
   3.6376  -5.4485   535.87      .76     1.00      .00    -5.59     9.00  -204.60    -4.75      .00
   3.6412  -5.4685   764.79      .61     1.00      .00    -5.71     9.00   -10.46    67.35      .00
   3.6451  -5.4420   696.63      .76     1.00      .00    -4.95     9.00   197.79   -27.99      .00
   3.6430  -5.4664   457.66      .64     1.00      .00    -7.05     9.00    85.45    59.64      .00
   3.6379  -5.4565   687.81      .74     1.00      .00    -4.94     9.00  -188.84    24.12      .00
   3.6435  -5.4650   660.88      .66      .18      .82    -3.26     9.00   115.23    54.57      .00
   3.6411  -5.4311   623.47      .61      .99      .01    -5.12     9.00   -13.68   -67.26      .00
   3.6396  -5.4645   668.66      .64      .45      .55    -4.24     9.00   -98.39    53.04      .00
   3.6425  -5.4661   537.82      .61     1.00      .00    -5.79     9.00    60.67    58.80      .00
   3.6391  -5.4629   730.94      .66     1.00      .00    -5.31     9.00  -122.52    47.06      .00
   3.6451  -5.4521   627.03      .76     1.00      .00    -4.90     9.00   198.95     8.28      .00
   3.6411  -5.4327   622.89      .59      .99      .01    -5.16     9.00   -14.01   -61.41      .00
   3.6420  -5.4317   787.28      .61     1.00      .00    -6.00     9.00    32.12   -65.30      .00
   3.6423  -5.4339   588.04      .59     1.00      .00    -5.34     9.00    48.59   -57.16      .00
   3.6438  -5.4638   980.94      .68     1.00      .00   -10.52     9.00   132.19    50.47      .00
   3.6382  -5.4409   570.06      .72     1.00      .00    -5.29     9.00  -170.74   -31.94      .00
   3.6378  -5.4455   427.09      .74     1.00      .00    -7.57     9.00  -190.88   -15.55      .00
   3.6398  -5.4338   485.39      .63     1.00      .00    -6.53     9.00   -86.98   -57.60      .00
   3.6395  -5.4333   544.07      .66     1.00      .00    -5.64     9.00  -102.86   -59.38      .00
   3.6425  -5.4672   807.08      .62     1.00      .00    -6.28     9.00    57.70    62.57      .00
   3.6387  -5.4375   486.17      .69     1.00      .00    -6.43     9.00  -143.78   -44.36      .00
   3.6440  -5.4624   824.85      .68     1.00      .00    -6.47     9.00   140.75    45.48      .00
   3.6434  -5.4360   638.29      .64      .64      .36    -4.59     9.00   109.33   -49.75      .00
   3.6413  -5.4323   641.71      .59      .28      .72    -3.84     9.00    -5.57   -62.82      .00
   3.6457  -5.4463   653.04      .81      .39      .61    -3.66    10.00   232.54   -12.55      .00
   3.6380  -5.4385   629.55      .75      .63      .37    -4.28    10.00  -183.19   -40.63      .00
   3.6373  -5.4492   302.11      .79     1.00      .00   -14.10    10.00  -219.52    -2.31      .00
   3.6380  -5.4368   597.15      .76      .75      .25    -4.64    10.00  -183.62   -46.96      .00
   3.6377  -5.4580   644.58      .76      .56      .44    -4.09    10.00  -198.60    29.64      .00
   3.6453  -5.4575   697.71      .78      .79      .21    -4.54    10.00   212.48    27.63      .00
   3.6446  -5.4356   722.74      .75      .77      .23    -4.78    10.00   174.20   -51.13      .00
   3.6393  -5.4313   519.49      .69      .82      .18    -5.95    10.00  -112.92   -66.50      .00
   3.6371  -5.4563   687.34      .81      .77      .23    -4.42    10.00  -231.84    23.42      .00
   3.6405  -5.4684   729.93      .63      .63      .37    -4.83    10.00   -50.13    66.97      .00
   3.6452  -5.4391   749.49      .78      .96      .04    -5.29    10.00   206.26   -38.40      .00
   3.6441  -5.4654   637.21      .71      .63      .37    -4.30    10.00   144.53    56.24      .00
   3.6387  -5.4648   469.82      .71      .98      .02    -7.31    10.00  -145.02    54.09      .00
   3.6428  -5.4311   918.92      .65      .95      .05   -10.10    10.00    75.26   -67.26      .00
   3.6459  -5.4490   580.37      .82     1.00      .00    -5.01    10.00   240.42    -2.74      .00
   3.6419  -5.4704   632.08      .64      .61      .39    -4.38    10.00    28.14    74.21      .00
   3.6395  -5.4323   504.54      .67      .83      .17    -6.32    10.00  -101.42   -63.15      .00
   3.6443  -5.4346   588.14      .73      .73      .27    -4.74    10.00   155.23   -54.84      .00
   3.6375  -5.4415   711.26      .78      .87      .13    -4.74    10.00  -209.77   -29.99      .00
   3.6378  -5.4611   477.55      .77     1.00      .00    -7.05    10.00  -194.57    40.74      .00
   3.6371  -5.4498   675.18      .81     1.00      .00    -4.64    10.00  -231.51      .05      .00
   3.6411  -5.4694   605.22      .62      .61      .39    -4.55    10.00   -15.23    70.60      .00
   3.6433  -5.4683   852.97      .68      .92      .08    -7.69    10.00   104.39    66.56      .00
   3.6446  -5.4374   790.30      .74      .97      .03    -6.08    10.00   174.67   -44.81      .00
   3.6400  -5.4318   557.57      .64      .67      .33    -5.16    10.00   -73.38   -64.82      .00
   3.6377  -5.4418   481.75      .76     1.00      .00    -6.94    10.00  -198.63   -28.94      .00
   3.6450  -5.4585   805.37      .76     1.00      .00    -6.41    10.00   194.88    31.45      .00
   3.6403  -5.4682   503.82      .63      .74      .26    -6.29    10.00   -55.98    66.10      .00
   3.6386  -5.4337   390.78      .73     1.00      .00   -10.01    10.00  -152.18   -57.84      .00
   3.6389  -5.4671   464.30      .71      .96      .04    -7.45    10.00  -134.26    62.25      .00
   3.6402  -5.4695   619.12      .65      .62      .38    -4.44    10.00   -61.99    71.04      .00
   3.6449  -5.4614   797.63      .76      .99      .01    -6.23    10.00   188.08    41.59      .00
   3.6367  -5.4515   550.93      .83     1.00      .00    -5.60    11.00  -249.48     6.10      .00
   3.6462  -5.4497   609.82      .85     1.00      .00    -4.58    11.00   260.43     -.41      .00
   3.6442  -5.4667   774.24      .73      .99      .01    -6.14    11.00   148.95    60.70      .00
   3.6457  -5.4598   574.44      .82     1.00      .00    -5.12    11.00   233.37    36.10      .00
   3.6461  -5.4505   651.68      .84      .48      .52    -3.64    11.00   254.34     2.48      .00
   3.6372  -5.4369   764.24      .82     1.00      .00    -5.77    11.00  -224.27   -46.59      .00
   3.6393  -5.4690   609.97      .70      .68      .32    -4.39    11.00  -113.38    69.00      .00
   3.6445  -5.4672   718.70      .76      .86      .14    -4.80    11.00   165.51    62.52      .00
   3.6439  -5.4295   574.84      .74      .88      .12    -5.10    11.00   132.49   -73.11      .00
   3.6447  -5.4322   658.39      .78      .63      .37    -3.99    11.00   177.32   -63.36      .00
   3.6456  -5.4621   676.68      .82      .70      .30    -4.09    11.00   225.98    44.19      .00
   3.6456  -5.4395   655.79      .81      .57      .43    -3.83    11.00   225.71   -37.05      .00
   3.6435  -5.4697   737.53      .71      .87      .13    -5.18    11.00   112.72    71.58      .00
   3.6390  -5.4684   570.29      .71      .89      .11    -5.23    11.00  -127.45    67.10      .00
   3.6409  -5.4270   723.40      .68      .75      .25    -4.83    11.00   -26.30   -81.94      .00
   3.6370  -5.4394   647.26      .83      .60      .40    -3.88    11.00  -237.83   -37.35      .00
   3.6430  -5.4720   709.70      .71      .73      .27    -4.56    11.00    84.54    79.83      .00
   3.6434  -5.4299   562.68      .70      .90      .10    -5.40    11.00   107.27   -71.57      .00
   3.6452  -5.4638   484.98      .80     1.00      .00    -7.72    11.00   204.84    50.26      .00
   3.6452  -5.4636   687.66      .79      .75      .25    -4.26    11.00   202.55    49.85      .00
   3.6369  -5.4461   386.02      .82     1.00      .00   -12.66    11.00  -241.61   -13.20      .00
   3.6461  -5.4496   666.82      .84     1.00      .00    -4.38    11.00   254.26     -.60      .00
   3.6415  -5.4276   690.35      .67      .61      .39    -4.25    11.00     3.63   -80.08      .00
   3.6439  -5.4700   913.58      .74     1.00      .00   -12.19    11.00   134.72    72.79      .00
   3.6396  -5.4290   428.99      .70     1.00      .00   -10.38    11.00   -97.06   -75.00      .00
   3.6426  -5.4706   682.05      .67      .59      .41    -4.15    11.00    63.32    74.90      .00
   3.6417  -5.4282   698.96      .66      .63      .37    -4.37    11.00    18.78   -77.90      .00
   3.6429  -5.4709   558.24      .69      .89      .11    -5.50    11.00    82.15    76.12      .00
   3.6408  -5.4286   555.07      .65      .86      .14    -5.60    11.00   -31.58   -76.17      .00
   3.6418  -5.4270   688.63      .68      .62      .38    -4.24    11.00    22.71   -82.08      .00
   3.6453  -5.4643   784.21      .81     1.00      .00    -6.33    11.00   212.03    52.06      .00
   3.6466  -5.4524   685.26      .87     1.00      .00    -4.63    12.00   280.89     9.36      .00
   3.6366  -5.4410   636.83      .85      .78      .22    -4.36    12.00  -255.00   -31.60      .00
   3.6442  -5.4697   419.36      .76     1.00      .00    -8.62    12.00   153.34    71.77      .00
   3.6388  -5.4285   603.58      .76      .90      .10    -4.79    12.00  -140.71   -76.71      .00
   3.6361  -5.4569   690.78      .88     1.00      .00    -4.65    12.00  -285.98    25.64      .00
   3.6385  -5.4295   587.26      .77      .99      .01    -5.00    12.00  -155.78   -73.01      .00
   3.6430  -5.4748   530.52      .75     1.00      .00    -5.81    12.00    85.05    89.84      .00
   3.6375  -5.4345   699.81      .81      .97      .03    -4.75    12.00  -210.14   -55.14      .00
   3.6465  -5.4507   796.68      .87     1.00      .00    -6.01    12.00   275.15     3.26      .00
   3.6465  -5.4534   756.68      .87     1.00      .00    -5.31    12.00   275.84    12.80      .00
   3.6362  -5.4507   798.91      .87     1.00      .00    -6.05    12.00  -278.19     3.38      .00
   3.6402  -5.4741   703.56      .72      .82      .18    -4.72    12.00   -64.06    87.66      .00
   3.6463  -5.4566   691.80      .86     1.00      .00    -4.68    12.00   264.16    24.45      .00
   3.6371  -5.4669   753.60      .85     1.00      .00    -5.29    12.00  -229.17    61.53      .00
   3.6469  -5.4504   777.70      .89     1.00      .00    -5.62    12.00   295.46     2.19      .00
   3.6412  -5.4261   518.92      .69     1.00      .00    -6.10    12.00    -8.92   -85.19      .00
   3.6358  -5.4420   593.91      .90     1.00      .00    -4.80    12.00  -299.71   -28.23      .00
   3.6370  -5.4312   707.78      .86      .99      .01    -4.77    12.00  -233.32   -66.88      .00
   3.6422  -5.4235   535.79      .74     1.00      .00    -5.73    12.00    43.09   -94.59      .00
   3.6459  -5.4665   694.59      .86      .96      .04    -4.65    12.00   242.51    60.28      .00
   3.6388  -5.4269   612.47      .78      .82      .18    -4.61    12.00  -140.41   -82.47      .00
   3.6357  -5.4427   737.02      .90     1.00      .00    -5.02    12.00  -303.11   -25.60      .00
   3.6406  -5.4259   866.96      .71     1.00      .00    -7.98    12.00   -44.69   -86.10      .00
   3.6367  -5.4383   727.88      .85     1.00      .00    -4.97    12.00  -253.37   -41.45      .00
   3.6429  -5.4750   652.92      .75      .47      .53    -3.96    12.00    80.18    90.64      .00
   3.6377  -5.4670   589.39      .80     1.00      .00    -4.95    12.00  -197.94    61.91      .00
   3.6463  -5.4582   801.76      .86     1.00      .00    -6.12    12.00   265.09    30.25      .00
   3.6376  -5.4665   623.02      .81      .81      .19    -4.49    12.00  -205.78    59.98      .00
   3.6397  -5.4751   763.86      .76     1.00      .00    -5.55    12.00   -91.00    91.23      .00
   3.6361  -5.4635   608.60      .90     1.00      .00    -4.76    13.00  -286.69    49.36      .00
   3.6404  -5.4774   808.84      .77     1.00      .00    -6.17    13.00   -54.62    99.25      .00
   3.6351  -5.4533   759.99      .93     1.00      .00    -5.25    13.00  -336.38    12.70      .00
   3.6477  -5.4498   653.04      .93     1.00      .00    -4.61    13.00   338.91     -.12      .00
   3.6368  -5.4304   588.50      .88     1.00      .00    -4.91    13.00  -246.56   -69.93      .00
   3.6356  -5.4352   652.41      .92      .61      .39    -4.12    13.00  -309.32   -52.48      .00
   3.6463  -5.4665   597.59      .88     1.00      .00    -4.84    13.00   262.74    60.20      .00
   3.6471  -5.4338   718.55      .92     1.00      .00    -4.85    13.00   306.11   -57.44      .00
   3.6464  -5.4662   780.28      .89     1.00      .00    -5.56    13.00   271.24    59.14      .00
   3.6421  -5.4197   595.83      .80     1.00      .00    -4.95    13.00    38.63  -108.35      .00
   3.6474  -5.4373   667.39      .93     1.00      .00    -4.62    13.00   324.07   -44.86      .00
   3.6360  -5.4629   579.99      .90     1.00      .00    -4.96    13.00  -291.21    47.11      .00
   3.6376  -5.4265   712.97      .85     1.00      .00    -4.89    13.00  -201.77   -83.87      .00
   3.6396  -5.4211   478.56      .81     1.00      .00    -6.53    13.00   -95.51  -103.47      .00
   3.6439  -5.4242   514.64      .80     1.00      .00    -5.88    13.00   135.04   -92.02      .00
   3.6355  -5.4597   701.21      .92     1.00      .00    -4.74    13.00  -318.72    35.82      .00
   3.6471  -5.4365   671.45      .92     1.00      .00    -4.63    13.00   309.21   -47.90      .00
   3.6406  -5.4781   519.32      .78     1.00      .00    -5.84    13.00   -43.69   101.92      .00
   3.6384  -5.4228   664.72      .84     1.00      .00    -4.71    13.00  -160.42   -97.11      .00
   3.6419  -5.4200   645.27      .79     1.00      .00    -4.77    13.00    26.55  -107.36      .00
   3.6380  -5.4256   544.75      .84     1.00      .00    -5.40    13.00  -180.86   -87.01      .00
   3.6456  -5.4708   554.34      .86     1.00      .00    -5.26    13.00   224.71    75.46      .00
   3.6366  -5.4722   596.87      .91     1.00      .00    -4.82    13.00  -259.38    80.80      .00
   3.6430  -5.4762   559.54      .77     1.00      .00    -5.31    13.00    85.71    95.08      .00
   3.6350  -5.4387   579.20      .94     1.00      .00    -4.92    13.00  -340.80   -39.90      .00
   3.6369  -5.4315   701.11      .87     1.00      .00    -4.80    13.00  -241.31   -65.77      .00
   3.6396  -5.4214   604.36      .81     1.00      .00    -4.89    13.00   -97.35  -102.16      .00
   3.6473  -5.4465   933.75      .91     1.00      .00    -9.13    13.00   317.46   -11.83      .00
   3.6388  -5.4746   478.25      .80     1.00      .00    -6.55    13.00  -137.41    89.38      .00
   3.6376  -5.4268   514.03      .85     1.00      .00    -5.83    13.00  -201.12   -82.70      .00
   3.6473  -5.4302   858.44      .94     1.00      .00    -7.22    14.00   318.50   -70.58      .00
   3.6413  -5.4857   680.08      .87      .82      .18    -4.46    14.00    -7.07   129.12      .00
   3.6470  -5.4712   689.31      .94      .90      .10    -4.51    14.00   303.91    77.10      .00
   3.6340  -5.4546   664.67      .50      .17      .83    -3.43    14.00  -398.89    17.33      .00
   3.6344  -5.4492   718.27      .50     1.00      .00    -5.43    14.00  -376.52    -2.15      .00
   3.6438  -5.4171   625.17      .88      .82      .18    -4.47    14.00   128.18  -117.62      .00
   3.6380  -5.4169   531.98      .91      .98      .02    -5.52    14.00  -184.30  -118.46      .00
   3.6461  -5.4736   719.12      .91      .93      .07    -4.77    14.00   254.79    85.51      .00
   3.6435  -5.4808   807.34      .85      .98      .02    -6.13    14.00   112.02   111.73      .00
   3.6428  -5.4849   654.90      .88      .81      .19    -4.40    14.00    73.30   126.47      .00
   3.6368  -5.4219   769.11      .92      .99      .01    -5.39    14.00  -247.07  -100.52      .00
   3.6471  -5.4255   714.05      .95      .96      .04    -4.72    14.00   306.72   -87.36      .00
   3.6449  -5.4790   485.90      .89     1.00      .00    -6.43    14.00   186.47   105.26      .00
   3.6476  -5.4712   643.51      .95      .89      .11    -4.41    14.00   332.09    77.11      .00
   3.6339  -5.4455   475.17      .50     1.00      .00    -7.25    14.00  -405.04   -15.66      .00
   3.6386  -5.4192   634.71      .87      .80      .20    -4.42    14.00  -152.42  -110.19      .00
   3.6383  -5.4786   648.33      .87      .79      .21    -4.38    14.00  -168.50   103.72      .00
   3.6477  -5.4645   815.59      .94     1.00      .00    -6.21    14.00   340.81    53.00      .00
   3.6422  -5.4819   752.60      .83      .89      .11    -5.17    14.00    41.20   115.44      .00
   3.6349  -5.4644   738.18      .95     1.00      .00    -4.98    14.00  -346.04    52.58      .00
   3.6348  -5.4596   557.04      .50     1.00      .00    -5.78    14.00  -353.63    35.28      .00
   3.6337  -5.4520   526.62      .50     1.00      .00    -6.23    14.00  -415.16     7.96      .00
   3.6365  -5.4263   839.83      .91     1.00      .00    -6.79    14.00  -260.20   -84.77      .00
   3.6490  -5.4408   513.45      .50     1.00      .00    -6.45    14.00   408.68   -32.29      .00
   3.6350  -5.4296   676.53      .96      .90      .10    -4.45    14.00  -344.00   -72.64      .00
   3.6413  -5.4827   679.31      .84      .77      .23    -4.44    14.00    -3.26   118.41      .00
   3.6343  -5.4368   450.86      .50     1.00      .00    -7.85    14.00  -379.56   -46.83      .00
   3.6385  -5.4166   579.39      .90      .91      .09    -4.86    14.00  -152.97  -119.48      .00
   3.6468  -5.4303   785.49      .92     1.00      .00    -5.67    14.00   292.12   -70.21      .00
   3.6426  -5.4823   619.21      .84      .79      .21    -4.49    14.00    65.06   117.16      .00
   3.6451  -5.4871   689.97      .95      .97      .03    -4.68    15.00   201.36   134.17      .00
   3.6496  -5.4556   605.70      .50      .55      .45    -4.81    15.00   442.95    20.71      .00
   3.6338  -5.4365   484.92      .50      .82      .18    -6.56    15.00  -406.64   -47.96      .00
   3.6452  -5.4169   777.88      .92      .92      .08    -5.37    15.00   205.84  -118.57      .00
   3.6496  -5.4446   843.11      .50     1.00      .00    -7.10    15.00   440.84   -18.78      .00
   3.6340  -5.4745   808.36      .50      .48      .52    -5.76    15.00  -397.44    88.93      .00
   3.6504  -5.4520   665.39      .50      .15      .85    -3.43    15.00   485.80     8.08      .00
   3.6389  -5.4090   730.08      .94      .96      .04    -4.90    15.00  -132.15  -146.77      .00
   3.6424  -5.4111   744.58      .91      .93      .07    -5.03    15.00    52.47  -139.21      .00
   3.6484  -5.4313   522.53      .50      .52      .48    -5.53    15.00   377.01   -66.55      .00
   3.6470  -5.4168   656.55      .97      .98      .02    -4.61    15.00   303.60  -118.63      .00
   3.6444  -5.4097   687.54      .95      .97      .03    -4.67    15.00   161.92  -144.47      .00
   3.6476  -5.4210   488.97      .97      .96      .04    -5.98    15.00   331.79  -103.72      .00
   3.6474  -5.4228   604.55      .96      .97      .03    -4.73    15.00   325.67   -97.23      .00
   3.6327  -5.4401   753.71      .50      .80      .20    -5.56    15.00  -469.26   -34.98      .00
   3.6468  -5.4231   739.88      .94      .95      .05    -4.97    15.00   291.06   -96.25      .00
   3.6379  -5.4153   587.45      .92      .95      .05    -4.85    15.00  -187.95  -124.05      .00
   3.6417  -5.4118   630.13      .90      .94      .06    -4.67    15.00    15.09  -136.76      .00
   3.6458  -5.4843   528.67      .95      .95      .05    -5.40    15.00   236.46   124.10      .00
   3.6421  -5.4084   534.12      .93      .93      .07    -5.34    15.00    36.72  -149.20      .00
   3.6354  -5.4816   805.34      .97      .96      .04    -5.75    15.00  -323.05   114.47      .00
   3.6337  -5.4620   801.12      .50      .82      .18    -6.18    15.00  -414.65    43.81      .00
   3.6397  -5.4910   637.45      .93      .96      .04    -4.64    15.00   -88.03   148.49      .00
   3.6341  -5.4732   607.14      .50      .51      .49    -4.73    15.00  -394.02    84.23      .00
   3.6431  -5.4856   671.25      .89      .94      .06    -4.66    15.00    89.64   128.94      .00
   3.6498  -5.4635   445.60      .50      .96      .04    -7.48    15.00   453.38    49.28      .00
   3.6400  -5.4100   652.90      .92      .95      .05    -4.63    15.00   -73.17  -143.23      .00
   3.6429  -5.4101   730.97      .92      .95      .05    -4.92    15.00    82.45  -142.99      .00
   3.6406  -5.4891   506.75      .91      .90      .10    -5.69    15.00   -43.43   141.32      .00
