   3.6422  -5.4478   586.71      .66      .67      .33    -4.97     1.00    44.57    -7.04      .00
   3.6424  -5.4483   612.71      .65      .68      .32    -4.51     1.00    53.45    -5.25      .00
   3.6405  -5.4489   564.32      .67     1.00      .00    -5.93     1.00   -49.22    -3.42      .00
   3.6404  -5.4506   620.03      .66      .86      .14    -4.64     1.00   -54.61     2.74      .00
   3.6423  -5.4461   882.87      .62      .09      .91    -9.01     1.00    50.65   -13.15      .00
   3.6401  -5.4507   615.95      .64      .92      .08    -4.79     1.00   -70.33     3.35      .00
   3.6403  -5.4508   705.01      .65      .69      .31    -4.37     1.00   -57.91     3.69      .00
   3.6403  -5.4540   776.11      .61      .48      .52    -5.62     1.00   -57.22    15.16      .00
   3.6403  -5.4460   729.86      .62      .62      .38    -4.69     1.00   -56.66   -13.72      .00
   3.6402  -5.4468   733.02      .62      .62      .38    -4.75     1.00   -66.44   -10.89      .00
   3.6405  -5.4533   595.88      .63      .63      .37    -4.76     1.00   -46.77    12.63      .00
   3.6425  -5.4470   732.16      .63      .63      .37    -4.73     1.00    58.86    -9.99      .00
   3.6405  -5.4497   461.94      .68     1.00      .00   -10.39     1.00   -46.47     -.26      .00
   3.6405  -5.4523   698.12      .64      .65      .35    -4.25     1.00   -50.29     9.07      .00
   3.6405  -5.4499   704.97      .67     1.00      .00    -4.70     1.00   -48.20      .26      .00
   3.6425  -5.4533   647.21      .62      .65      .35    -4.17     1.00    62.37    12.57      .00
   3.6405  -5.4467   614.04      .63      .66      .34    -4.48     1.00   -48.13   -11.26      .00
   3.6404  -5.4456   422.81      .61      .04      .96    -9.70     1.00   -55.33   -15.05      .00
   3.6403  -5.4475   756.44      .64      .69      .31    -5.36     1.00   -59.78    -8.42      .00
   3.6404  -5.4473   610.82      .64      .64      .36    -4.50     1.00   -55.54    -9.06      .00
   3.6405  -5.4482   703.94      .67      .64      .36    -4.26     1.00   -45.38    -5.75      .00
   3.6405  -5.4486   673.95      .66      .54      .46    -3.88     1.00   -49.32    -4.32      .00
   3.6424  -5.4457   878.48      .61      .09      .91    -8.68     1.00    54.28   -14.77      .00
   3.6423  -5.4491   628.18      .67      .76      .24    -4.41     1.00    49.36    -2.43      .00
   3.6405  -5.4533   493.53      .63      .27      .73    -7.46     1.00   -50.20    12.48      .00
   3.6428  -5.4500   681.32      .64     1.00      .00    -4.57     1.00    74.60      .57      .00
   3.6425  -5.4478   747.19      .64      .74      .26    -5.20     1.00    61.25    -7.19      .00
   3.6425  -5.4461   703.55      .62      .65      .35    -4.34     1.00    60.82   -13.46      .00
   3.6403  -5.4514   494.69      .65     1.00      .00    -8.67     1.00   -56.82     5.60      .00
   3.6397  -5.4528   577.77      .62     1.00      .00    -5.44     2.00   -90.57    10.73      .00
   3.6423  -5.4551   515.01      .59     1.00      .00    -6.60     2.00    49.21    19.14      .00
   3.6404  -5.4556   733.20      .59      .73      .27    -4.97     2.00   -52.79    20.88      .00
   3.6402  -5.4548   666.00      .60      .36      .64    -3.90     2.00   -62.23    17.94      .00
   3.6402  -5.4550   758.90      .60      .96      .04    -5.54     2.00   -63.54    18.88      .00
   3.6428  -5.4516   662.35      .63      .20      .80    -3.27     2.00    77.41     6.43      .00
   3.6427  -5.4552   561.82      .60      .99      .01    -5.70     2.00    71.73    19.60      .00
   3.6403  -5.4562   555.37      .58      .96      .04    -5.80     2.00   -58.81    22.90      .00
   3.6431  -5.4494   424.72      .63     1.00      .00    -9.15     2.00    94.55    -1.31      .00
   3.6427  -5.4472   821.00      .63     1.00      .00    -6.69     2.00    72.42    -9.30      .00
   3.6423  -5.4556   743.34      .59      .81      .19    -5.18     2.00    51.75    20.85      .00
   3.6431  -5.4520   780.00      .63     1.00      .00    -5.86     2.00    90.77     7.86      .00
   3.6430  -5.4522   662.69      .63      .23      .77    -3.39     2.00    84.51     8.50      .00
   3.6405  -5.4437   546.31      .58      .96      .04    -5.96     2.00   -45.98   -22.11      .00
   3.6398  -5.4468   719.23      .62      .97      .03    -5.07     2.00   -83.50   -10.73      .00
   3.6423  -5.4425   774.00      .57      .92      .08    -5.77     2.00    49.17   -26.38      .00
   3.6430  -5.4474   701.72      .63      .87      .13    -4.84     2.00    85.10    -8.74      .00
   3.6423  -5.4564   654.01      .58      .40      .60    -4.04     2.00    51.36    23.78      .00
   3.6426  -5.4560   546.66      .59      .99      .01    -5.97     2.00    64.56    22.28      .00
   3.6429  -5.4528   788.68      .62     1.00      .00    -6.02     2.00    80.05    10.94      .00
   3.6428  -5.4474   486.04      .63     1.00      .00    -7.25     2.00    74.02    -8.61      .00
   3.6426  -5.4531   782.84      .62     1.00      .00    -5.92     2.00    67.01    11.95      .00
   3.6398  -5.4516   582.65      .63     1.00      .00    -5.37     2.00   -87.42     6.39      .00
   3.6404  -5.4447   569.05      .60      .94      .06    -5.54     2.00   -51.58   -18.48      .00
   3.6403  -5.4561   598.81      .58      .71      .29    -4.92     2.00   -57.46    22.79      .00
   3.6425  -5.4456   717.31      .61      .71      .29    -4.76     2.00    61.05   -15.03      .00
   3.6430  -5.4489   747.29      .63     1.00      .00    -5.37     2.00    84.56    -3.19      .00
   3.6427  -5.4451   852.34      .60     1.00      .00    -7.52     2.00    69.43   -16.95      .00
   3.6399  -5.4460   523.28      .61     1.00      .00    -6.39     2.00   -77.77   -13.72      .00
   3.6397  -5.4489   675.88      .63      .45      .55    -4.07     2.00   -88.69    -3.34      .00
   3.6425  -5.4445   629.83      .60      .49      .51    -4.30     2.00    58.61   -19.19      .00
   3.6430  -5.4471   672.18      .62      .26      .74    -3.54     2.00    85.71    -9.75      .00
   3.6432  -5.4521   768.70      .63     1.00      .00    -5.67     2.00    94.91     8.30      .00
   3.6394  -5.4544   499.82      .63     1.00      .00    -8.98     3.00  -105.02    16.64      .00
   3.6392  -5.4470   679.26      .64      .43      .57    -3.65     3.00  -117.28   -10.01      .00
   3.6400  -5.4556   718.06      .60      .61      .39    -4.50     3.00   -76.74    20.78      .00
   3.6393  -5.4539   664.17      .63      .44      .56    -3.65     3.00  -110.74    14.82      .00
   3.6434  -5.4502   658.69      .64      .49      .51    -3.76     3.00   105.72     1.47      .00
   3.6397  -5.4463   735.32      .62      .93      .07    -5.23     3.00   -91.94   -12.53      .00
   3.6399  -5.4421   657.07      .59      .56      .44    -3.96     3.00   -80.16   -27.59      .00
   3.6434  -5.4455   392.39      .63     1.00      .00   -16.75     3.00   107.15   -15.59      .00
   3.6435  -5.4470   473.25      .64     1.00      .00   -10.53     3.00   111.81    -9.94      .00
   3.6433  -5.4528   628.30      .63      .72      .28    -4.36     3.00   105.12    10.88      .00
   3.6421  -5.4585   605.90      .56      .55      .45    -4.58     3.00    40.93    31.22      .00
   3.6422  -5.4420   606.76      .56      .56      .44    -4.57     3.00    46.15   -27.98      .00
   3.6396  -5.4549   635.08      .62      .56      .44    -4.05     3.00   -94.63    18.22      .00
   3.6401  -5.4428   728.40      .59      .60      .40    -4.70     3.00   -70.21   -25.02      .00
   3.6421  -5.4580   632.45      .56      .57      .43    -4.21     3.00    36.60    29.52      .00
   3.6426  -5.4571   763.24      .58      .62      .38    -5.68     3.00    63.97    26.44      .00
   3.6434  -5.4533   715.92      .63      .87      .13    -4.75     3.00   110.45    12.54      .00
   3.6393  -5.4489   861.16      .64     1.00      .00   -10.82     3.00  -112.49    -3.40      .00
   3.6419  -5.4594   785.53      .55      .45      .55    -6.23     3.00    30.18    34.63      .00
   3.6427  -5.4420   820.48      .58      .73      .27    -8.24     3.00    69.84   -27.92      .00
   3.6420  -5.4598   673.50      .55      .57      .43    -4.07     3.00    30.91    36.06      .00
   3.6394  -5.4466   553.26      .63     1.00      .00    -6.52     3.00  -107.99   -11.47      .00
   3.6425  -5.4407   720.51      .57      .57      .43    -4.52     3.00    59.25   -32.69      .00
   3.6423  -5.4576   699.70      .57      .57      .43    -4.21     3.00    48.53    28.04      .00
   3.6395  -5.4534   629.52      .63      .64      .36    -4.23     3.00  -101.08    12.92      .00
   3.6392  -5.4489   493.87      .65     1.00      .00    -9.28     3.00  -117.80    -3.25      .00
   3.6424  -5.4578   812.91      .57      .55      .45    -7.60     3.00    52.35    28.68      .00
   3.6431  -5.4533   761.83      .62     1.00      .00    -6.03     3.00    92.11    12.49      .00
   3.6407  -5.4404   551.76      .55      .49      .51    -6.01     3.00   -39.54   -33.77      .00
   3.6432  -5.4458   800.45      .62     1.00      .00    -7.52     3.00    96.29   -14.56      .00
   3.6405  -5.4588   525.60      .56      .48      .52    -7.07     3.00   -45.80    32.32      .00
   3.6395  -5.4483   563.02      .63     1.00      .00    -6.18     3.00  -101.65    -5.55      .00
   3.6406  -5.4580   467.91      .56      .42      .58   -10.14     3.00   -44.26    29.61      .00
   3.6391  -5.4501   336.37      .65     1.00      .00   -22.28     3.00  -120.88      .91      .00
   3.6439  -5.4503   644.86      .66     1.00      .00    -4.28     4.00   135.64     1.63      .00
   3.6436  -5.4431   747.71      .64      .97      .03    -6.03     4.00   118.98   -24.19      .00
   3.6392  -5.4446   400.36      .64     1.00      .00   -23.14     4.00  -115.67   -18.58      .00
   3.6389  -5.4479   583.66      .66     1.00      .00    -5.96     4.00  -133.91    -6.72      .00
   3.6429  -5.4394   563.32      .59      .72      .28    -6.75     4.00    81.74   -37.30      .00
   3.6427  -5.4584   706.12      .58      .58      .42    -4.22     4.00    71.94    31.05      .00
   3.6408  -5.4383   935.32      .55      .15      .85   -22.24     4.00   -31.96   -41.42      .00
   3.6425  -5.4605   679.11      .57      .56      .44    -3.80     4.00    62.16    38.46      .00
   3.6390  -5.4550   529.63      .65     1.00      .00    -9.15     4.00  -126.31    18.72      .00
   3.6439  -5.4497   620.89      .66     1.00      .00    -4.70     4.00   134.73     -.53      .00
   3.6420  -5.4382   671.27      .55      .56      .44    -3.79     4.00    32.43   -41.72      .00
   3.6436  -5.4527   780.38      .65     1.00      .00    -7.80     4.00   121.29    10.44      .00
   3.6436  -5.4539   640.33      .64      .63      .37    -3.91     4.00   121.63    14.70      .00
   3.6413  -5.4374   675.83      .54      .56      .44    -3.83     4.00    -6.23   -44.58      .00
   3.6407  -5.4612   576.95      .55      .52      .48    -5.79     4.00   -37.14    41.08      .00
   3.6437  -5.4452   734.84      .65     1.00      .00    -5.51     4.00   125.04   -16.63      .00
   3.6396  -5.4432   691.70      .61      .57      .43    -3.89     4.00   -96.27   -23.72      .00
   3.6440  -5.4503   671.18      .67      .98      .02    -4.15     4.00   140.39     1.65      .00
   3.6436  -5.4556   638.62      .64      .60      .40    -3.89     4.00   118.53    20.83      .00
   3.6405  -5.4398   705.98      .56      .56      .44    -4.22     4.00   -47.41   -36.08      .00
   3.6425  -5.4607   738.28      .57      .57      .43    -5.23     4.00    57.41    39.41      .00
   3.6392  -5.4464   502.92      .64     1.00      .00   -11.31     4.00  -115.76   -12.23      .00
   3.6395  -5.4416   554.79      .62      .95      .05    -7.47     4.00  -102.96   -29.59      .00
   3.6436  -5.4427   705.59      .64      .69      .31    -4.29     4.00   119.01   -25.67      .00
   3.6388  -5.4489   375.94      .67     1.00      .00   -26.75     4.00  -138.16    -3.06      .00
   3.6423  -5.4603   739.69      .56      .55      .45    -5.26     4.00    46.79    37.89      .00
   3.6394  -5.4572   626.48      .62      .64      .36    -4.19     4.00  -108.59    26.81      .00
   3.6407  -5.4600   675.28      .55      .56      .44    -3.80     4.00   -38.89    36.69      .00
   3.6428  -5.4581   710.02      .59      .60      .40    -4.33     4.00    78.30    29.89      .00
   3.6440  -5.4536   832.76      .67     1.00      .00   -11.78     4.00   140.29    13.77      .00
   3.6421  -5.4379   718.08      .55      .55      .45    -4.52     4.00    35.89   -42.96      .00
   3.6424  -5.4607   899.44      .56      .58      .42   -18.67     4.00    53.87    39.10      .00
   3.6391  -5.4553   598.08      .64      .97      .03    -5.38     4.00  -121.69    19.97      .00
   3.6437  -5.4488   745.96      .65     1.00      .00    -5.96     4.00   127.03    -3.60      .00
   3.6387  -5.4458   565.76      .68     1.00      .00    -5.48     5.00  -146.92   -14.32      .00
   3.6407  -5.4623   757.68      .55      .55      .45    -5.03     5.00   -35.47    44.85      .00
   3.6404  -5.4630   648.95      .57      .54      .46    -4.55     5.00   -51.15    47.64      .00
   3.6414  -5.4638   555.92      .55      .56      .44    -5.21     5.00     -.45    50.49      .00
   3.6391  -5.4586   771.32      .64      .76      .24    -5.34     5.00  -123.57    31.84      .00
   3.6394  -5.4606   613.32      .62      .57      .43    -4.64     5.00  -104.63    38.74      .00
   3.6434  -5.4399   640.15      .63      .54      .46    -4.47     5.00   110.60   -35.54      .00
   3.6411  -5.4625   783.66      .55      .56      .44    -5.34     5.00   -14.94    45.55      .00
   3.6385  -5.4543   563.43      .69      .99      .01    -5.49     5.00  -154.97    16.07      .00
   3.6422  -5.4626   567.36      .56      .57      .43    -5.09     5.00    44.24    45.98      .00
   3.6436  -5.4411   496.67      .64      .94      .06    -6.44     5.00   120.75   -31.49      .00
   3.6416  -5.4635   644.55      .55      .54      .46    -4.57     5.00    12.94    49.43      .00
   3.6435  -5.4585   753.86      .63      .67      .33    -5.06     5.00   112.82    31.38      .00
   3.6397  -5.4601   562.45      .60      .63      .37    -5.19     5.00   -89.85    37.05      .00
   3.6401  -5.4613   590.47      .58      .57      .43    -4.85     5.00   -71.20    41.30      .00
   3.6417  -5.4629   855.91      .55      .61      .39    -6.58     5.00    17.32    47.22      .00
   3.6433  -5.4404   771.20      .62      .69      .31    -5.28     5.00   103.66   -33.87      .00
   3.6443  -5.4487   712.35      .69     1.00      .00    -5.07     5.00   156.56    -3.89      .00
   3.6416  -5.4638   773.78      .56      .56      .44    -5.21     5.00    12.00    50.50      .00
   3.6441  -5.4450   943.24      .67     1.00      .00    -9.01     5.00   144.05   -17.44      .00
   3.6432  -5.4388   784.11      .61      .69      .31    -5.44     5.00    98.83   -39.49      .00
   3.6424  -5.4627   649.85      .57      .54      .46    -4.54     5.00    56.78    46.56      .00
   3.6436  -5.4580   732.17      .64      .62      .38    -4.79     5.00   118.60    29.56      .00
   3.6442  -5.4522   896.31      .68     1.00      .00    -7.76     5.00   150.13     8.54      .00
   3.6384  -5.4510   624.07      .70     1.00      .00    -5.03     5.00  -163.12     4.48      .00
   3.6441  -5.4556   825.90      .68     1.00      .00    -6.33     5.00   145.99    20.72      .00
   3.6397  -5.4394   613.37      .60      .56      .44    -4.65     5.00   -90.28   -37.47      .00
   3.6441  -5.4478   829.00      .68     1.00      .00    -6.37     5.00   147.69    -7.35      .00
   3.6425  -5.4375   618.48      .57      .55      .45    -4.65     5.00    60.65   -44.17      .00
   3.6441  -5.4545   911.09      .68     1.00      .00    -8.13     5.00   145.96    16.82      .00
   3.6393  -5.4586   696.57      .63      .53      .47    -4.48     5.00  -109.96    31.67      .00
   3.6441  -5.4596   518.63      .68      .92      .08    -5.89     6.00   144.08    35.26      .00
   3.6386  -5.4389   851.62      .69      .97      .03    -6.49     6.00  -149.24   -39.09      .00
   3.6447  -5.4554   742.27      .73      .92      .08    -5.18     6.00   179.26    20.28      .00
   3.6449  -5.4479   421.57      .74     1.00      .00    -7.45     6.00   189.88    -6.94      .00
   3.6406  -5.4644   777.98      .57      .59      .41    -5.25     6.00   -40.87    52.67      .00
   3.6446  -5.4460   546.23      .71     1.00      .00    -5.62     6.00   172.57   -13.75      .00
   3.6419  -5.4344   639.77      .57      .53      .47    -4.65     6.00    27.02   -55.50      .00
   3.6445  -5.4439   717.17      .71      .67      .33    -4.76     6.00   165.98   -21.40      .00
   3.6383  -5.4423   759.70      .71      .89      .11    -5.29     6.00  -167.36   -26.88      .00
   3.6409  -5.4653   784.90      .57      .59      .41    -5.33     6.00   -23.86    55.86      .00
   3.6443  -5.4553   589.02      .69      .85      .15    -5.15     6.00   155.23    19.90      .00
   3.6441  -5.4598   557.16      .68      .79      .21    -5.34     6.00   143.88    36.14      .00
   3.6442  -5.4391   624.93      .69      .58      .42    -4.60     6.00   149.63   -38.36      .00
   3.6424  -5.4652   575.76      .59      .58      .42    -5.01     6.00    53.42    55.51      .00
   3.6384  -5.4456   579.14      .70      .99      .01    -5.35     6.00  -160.49   -15.00      .00
   3.6421  -5.4338   758.32      .59      .58      .42    -5.05     6.00    36.81   -57.76      .00
   3.6446  -5.4447   885.97      .71     1.00      .00    -7.06     6.00   170.52   -18.26      .00
   3.6409  -5.4358   625.17      .56      .52      .48    -4.69     6.00   -24.49   -50.51      .00
   3.6407  -5.4334   643.58      .59      .54      .46    -4.64     6.00   -35.81   -59.18      .00
   3.6409  -5.4663   504.93      .59      .65      .35    -5.87     6.00   -27.18    59.52      .00
   3.6409  -5.4658   564.46      .58      .58      .42    -5.12     6.00   -28.30    57.59      .00
   3.6430  -5.4642   804.79      .62      .70      .30    -5.63     6.00    88.26    51.95      .00
   3.6445  -5.4508   702.86      .71     1.00      .00    -5.11     6.00   167.33     3.71      .00
   3.6406  -5.4663   550.11      .59      .61      .39    -5.27     6.00   -40.05    59.31      .00
   3.6377  -5.4504   543.72      .75     1.00      .00    -5.59     6.00  -196.88     2.31      .00
   3.6448  -5.4450   840.97      .73     1.00      .00    -6.29     6.00   182.72   -17.30      .00
   3.6435  -5.4614   865.25      .64      .92      .08    -6.73     6.00   114.18    41.78      .00
   3.6425  -5.4350   654.41      .59      .53      .47    -4.60     6.00    58.95   -53.13      .00
   3.6392  -5.4598   629.61      .64      .54      .46    -4.57     6.00  -119.79    35.88      .00
   3.6448  -5.4451   766.73      .74     1.00      .00    -5.43     6.00   185.31   -16.88      .00
   3.6377  -5.4560   568.05      .75     1.00      .00    -5.37     7.00  -196.11    22.43      .00
   3.6388  -5.4359   589.60      .69      .98      .02    -5.18     7.00  -140.92   -49.90      .00
   3.6412  -5.4316   596.94      .60      .78      .22    -5.02     7.00    -8.77   -65.58      .00
   3.6409  -5.4319   650.91      .60      .38      .62    -4.03     7.00   -24.52   -64.50      .00
   3.6434  -5.4329   755.18      .67      .98      .02    -5.38     7.00   110.15   -60.86      .00
   3.6373  -5.4482   622.47      .79     1.00      .00    -4.83     7.00  -218.10    -5.64      .00
   3.6386  -5.4369   743.62      .70      .99      .01    -5.22     7.00  -149.13   -46.58      .00
   3.6405  -5.4682   668.69      .62      .38      .62    -3.98     7.00   -47.55    66.34      .00
   3.6420  -5.4669   678.81      .60      .38      .62    -4.02     7.00    35.51    61.41      .00
   3.6391  -5.4638   672.15      .66      .39      .61    -3.92     7.00  -122.78    50.26      .00
   3.6376  -5.4553   631.97      .77      .99      .01    -4.79     7.00  -205.19    19.87      .00
   3.6448  -5.4566   787.74      .73     1.00      .00    -5.77     7.00   182.27    24.34      .00
   3.6379  -5.4398   689.04      .75      .60      .40    -4.28     7.00  -188.60   -36.12      .00
   3.6450  -5.4457   613.06      .75     1.00      .00    -4.94     7.00   192.10   -14.84      .00
   3.6390  -5.4342   801.62      .69     1.00      .00    -6.08     7.00  -127.49   -56.30      .00
   3.6452  -5.4425   537.08      .77     1.00      .00    -5.80     7.00   205.78   -26.32      .00
   3.6374  -5.4446   798.75      .78     1.00      .00    -5.90     7.00  -213.86   -18.88      .00
   3.6447  -5.4602   726.05      .73      .99      .01    -5.01     7.00   177.33    37.35      .00
   3.6450  -5.4588   750.73      .76     1.00      .00    -5.23     7.00   193.37    32.23      .00
   3.6455  -5.4495   539.14      .79     1.00      .00    -5.75     7.00   218.68    -1.17      .00
   3.6447  -5.4591   694.18      .74      .69      .31    -4.46     7.00   179.99    33.47      .00
   3.6377  -5.4430   524.13      .76     1.00      .00    -6.05     7.00  -196.75   -24.30      .00
   3.6438  -5.4343   817.59      .69     1.00      .00    -6.37     7.00   132.18   -55.83      .00
   3.6447  -5.4596   699.13      .73      .77      .23    -4.58     7.00   178.54    35.27      .00
   3.6401  -5.4333   529.61      .62     1.00      .00    -6.16     7.00   -67.93   -59.32      .00
   3.6394  -5.4656   481.29      .66     1.00      .00    -7.11     7.00  -106.81    56.89      .00
   3.6446  -5.4412   924.59      .72     1.00      .00    -9.25     7.00   172.46   -31.10      .00
   3.6394  -5.4348   527.33      .65     1.00      .00    -6.15     7.00  -106.48   -54.07      .00
   3.6386  -5.4365   670.46      .70      .40      .60    -3.90     7.00  -147.52   -47.96      .00
   3.6430  -5.4662   802.74      .64     1.00      .00    -6.17     7.00    88.28    59.22      .00
   3.6441  -5.4332   592.02      .72     1.00      .00    -5.18     8.00   145.12   -59.92      .00
   3.6453  -5.4606   671.47      .79      .34      .66    -3.73     8.00   209.76    38.84      .00
   3.6456  -5.4594   599.54      .81     1.00      .00    -5.01     8.00   227.31    34.47      .00
   3.6427  -5.4288   604.59      .68     1.00      .00    -5.16     8.00    71.15   -75.57      .00
   3.6376  -5.4386   768.90      .78     1.00      .00    -5.40     8.00  -203.35   -40.49      .00
   3.6396  -5.4290   700.27      .70     1.00      .00    -4.99     8.00   -96.85   -74.94      .00
   3.6368  -5.4560   799.36      .83     1.00      .00    -5.72     8.00  -244.01    22.39      .00
   3.6449  -5.4370   633.36      .77     1.00      .00    -4.89     8.00   189.82   -45.99      .00
   3.6456  -5.4432   682.29      .81     1.00      .00    -4.81     8.00   228.15   -23.64      .00
   3.6373  -5.4566   662.63      .80      .14      .86    -2.82     8.00  -221.57    24.52      .00
   3.6372  -5.4458   841.30      .79     1.00      .00    -6.46     8.00  -223.18   -14.51      .00
   3.6438  -5.4327   714.16      .71     1.00      .00    -5.05     8.00   132.37   -61.66      .00
   3.6414  -5.4301   585.00      .62     1.00      .00    -5.39     8.00     1.80   -70.84      .00
   3.6450  -5.4605   637.51      .76     1.00      .00    -4.88     8.00   194.79    38.44      .00
   3.6393  -5.4295   654.98      .71      .31      .69    -3.75     8.00  -110.73   -72.93      .00
   3.6448  -5.4614   522.77      .75     1.00      .00    -5.94     8.00   183.63    41.92      .00
   3.6450  -5.4383   621.24      .77     1.00      .00    -4.94     8.00   194.77   -41.54      .00
   3.6411  -5.4278   738.75      .66     1.00      .00    -5.28     8.00   -13.29   -79.30      .00
   3.6412  -5.4713   511.67      .65     1.00      .00    -6.25     8.00   -12.71    77.33      .00
   3.6457  -5.4576   674.42      .82      .94      .06    -4.72     8.00   233.15    27.96      .00
   3.6401  -5.4684   639.23      .64      .95      .05    -5.01     8.00   -67.39    66.98      .00
   3.6452  -5.4608   602.05      .78     1.00      .00    -5.03     8.00   206.09    39.49      .00
   3.6388  -5.4320   652.69      .72      .46      .54    -4.12     8.00  -140.02   -64.05      .00
   3.6397  -5.4702   450.65      .69     1.00      .00    -7.38     8.00   -92.13    73.35      .00
   3.6403  -5.4699   677.57      .65      .34      .66    -3.92     8.00   -57.91    72.21      .00
   3.6444  -5.4657   857.16      .74     1.00      .00    -6.84     8.00   162.27    57.24      .00
   3.6387  -5.4672   356.37      .73     1.00      .00    -9.95     8.00  -146.10    62.54      .00
   3.6457  -5.4537   668.09      .80      .29      .71    -3.57     8.00   229.28    14.12      .00
   3.6394  -5.4685   530.29      .69     1.00      .00    -5.91     8.00  -108.07    67.40      .00
   3.6388  -5.4680   533.59      .73     1.00      .00    -5.81     8.00  -140.63    65.62      .00
   3.6390  -5.4668   612.46      .70     1.00      .00    -5.08     8.00  -130.03    61.28      .00
   3.6400  -5.4738   663.25      .73      .43      .57    -3.59     9.00   -75.77    86.47      .00
   3.6391  -5.4703   714.55      .73      .98      .02    -4.74     9.00  -124.09    73.92      .00
   3.6369  -5.4618   579.59      .84     1.00      .00    -5.26     9.00  -243.41    43.06      .00
   3.6384  -5.4711   767.15      .79     1.00      .00    -5.75     9.00  -160.05    76.85      .00
   3.6382  -5.4680   870.71      .77     1.00      .00   -10.06     9.00  -171.95    65.45      .00
   3.6375  -5.4682   699.73      .82      .97      .03    -4.43     9.00  -206.78    66.40      .00
   3.6443  -5.4714   556.10      .78     1.00      .00    -5.95     9.00   155.62    77.71      .00
   3.6363  -5.4523   651.39      .87     1.00      .00    -4.28     9.00  -275.34     8.93      .00
   3.6464  -5.4518   727.43      .86     1.00      .00    -4.79     9.00   268.90     7.20      .00
   3.6364  -5.4563   687.12      .86     1.00      .00    -4.33     9.00  -266.02    23.53      .00
   3.6447  -5.4700   639.13      .80      .81      .19    -4.21     9.00   175.97    72.62      .00
   3.6388  -5.4304   586.58      .74     1.00      .00    -5.24     9.00  -139.71   -69.87      .00
   3.6389  -5.4271   637.56      .77      .77      .23    -4.21     9.00  -135.57   -81.82      .00
   3.6411  -5.4755   661.41      .73      .44      .56    -3.62     9.00   -15.05    92.63      .00
   3.6407  -5.4244   683.16      .73      .56      .44    -3.89     9.00   -39.18   -91.35      .00
   3.6462  -5.4570   606.10      .85     1.00      .00    -4.74     9.00   258.94    25.81      .00
   3.6420  -5.4251   664.34      .71      .42      .58    -3.59     9.00    32.86   -88.81      .00
   3.6465  -5.4599   702.78      .88     1.00      .00    -4.43     9.00   276.72    36.39      .00
   3.6437  -5.4708   596.36      .74     1.00      .00    -5.05     9.00   123.52    75.63      .00
   3.6463  -5.4463   619.48      .85     1.00      .00    -4.55     9.00   263.15   -12.55      .00
   3.6381  -5.4707   595.93      .80     1.00      .00    -4.97     9.00  -174.52    75.09      .00
   3.6366  -5.4588   644.64      .85      .98      .02    -4.31     9.00  -258.48    32.23      .00
   3.6412  -5.4750   708.02      .72      .91      .09    -4.60     9.00   -10.29    90.58      .00
   3.6382  -5.4288   734.69      .80     1.00      .00    -4.99     9.00  -170.45   -75.53      .00
   3.6363  -5.4507   604.88      .86     1.00      .00    -4.75     9.00  -270.86     3.14      .00
   3.6407  -5.4247   774.41      .72     1.00      .00    -6.05     9.00   -38.45   -90.24      .00
   3.6431  -5.4266   789.26      .73     1.00      .00    -6.50     9.00    93.19   -83.57      .00
   3.6417  -5.4726   851.86      .68     1.00      .00    -9.20     9.00    15.05    81.99      .00
   3.6403  -5.4726   569.54      .70     1.00      .00    -5.70     9.00   -58.21    82.19      .00
   3.6386  -5.4306   480.48      .75     1.00      .00    -8.97     9.00  -147.70   -69.01      .00
   3.6436  -5.4710   849.09      .73     1.00      .00    -8.98     9.00   119.47    76.30      .00
   3.6358  -5.4471   328.14      .89     1.00      .00   -19.47     9.00  -297.86    -9.55      .00
   3.6467  -5.4642   590.08      .90     1.00      .00    -4.97    10.00   286.11    51.75      .00
   3.6475  -5.4598   755.22      .93     1.00      .00    -5.28    10.00   326.09    35.88      .00
   3.6443  -5.4786   650.25      .86     1.00      .00    -4.29    10.00   155.89   103.64      .00
   3.6441  -5.4245   806.94      .81     1.00      .00    -7.03    10.00   145.93   -91.18      .00
   3.6342  -5.4468   590.53      .50     1.00      .00    -5.55    10.00  -384.03   -10.72      .00
   3.6367  -5.4714   634.15      .90     1.00      .00    -4.35    10.00  -252.92    77.90      .00
   3.6352  -5.4389   916.59      .93     1.00      .00   -12.69    10.00  -331.09   -39.08      .00
   3.6368  -5.4241   628.64      .91     1.00      .00    -4.38    10.00  -245.61   -92.65      .00
   3.6378  -5.4767   573.55      .88     1.00      .00    -5.37    10.00  -194.52    96.99      .00
   3.6358  -5.4629   645.21      .91     1.00      .00    -4.26    10.00  -301.10    47.05      .00
   3.6393  -5.4746   650.79      .77     1.00      .00    -4.40    10.00  -110.08    89.32      .00
   3.6390  -5.4256   644.64      .78     1.00      .00    -4.41    10.00  -128.32   -87.10      .00
   3.6405  -5.4186   505.42      .82     1.00      .00    -7.73    10.00   -47.82  -112.23      .00
   3.6398  -5.4802   751.01      .83     1.00      .00    -5.30    10.00   -86.09   109.28      .00
   3.6367  -5.4326   625.74      .88     1.00      .00    -4.45    10.00  -254.60   -61.82      .00
   3.6408  -5.4755   723.11      .73     1.00      .00    -4.88    10.00   -29.23    92.69      .00
   3.6372  -5.4303   579.20      .85     1.00      .00    -5.26    10.00  -224.39   -70.02      .00
   3.6351  -5.4517   604.33      .93     1.00      .00    -4.68    10.00  -335.50     6.88      .00
   3.6428  -5.4202   849.63      .81     1.00      .00    -8.91    10.00    76.00  -106.54      .00
   3.6357  -5.4459   603.67      .90     1.00      .00    -4.72    10.00  -307.17   -14.02      .00
   3.6352  -5.4388   712.22      .93     1.00      .00    -4.48    10.00  -334.59   -39.65      .00
   3.6354  -5.4394   656.20      .92     1.00      .00    -4.20    10.00  -321.28   -37.38      .00
   3.6456  -5.4228   586.20      .90     1.00      .00    -5.05    10.00   225.83   -97.14      .00
   3.6437  -5.4794   548.73      .84     1.00      .00    -6.10    10.00   122.77   106.54      .00
   3.6423  -5.4196   682.47      .81     1.00      .00    -4.37    10.00    50.11  -108.64      .00
   3.6357  -5.4360   576.14      .92     1.00      .00    -5.26    10.00  -305.17   -49.79      .00
   3.6388  -5.4763   703.01      .82     1.00      .00    -4.51    10.00  -137.63    95.45      .00
   3.6472  -5.4441   676.62      .91     1.00      .00    -4.23    10.00   310.17   -20.61      .00
   3.6453  -5.4759   624.45      .88     1.00      .00    -4.45    10.00   211.77    93.96      .00
   3.6390  -5.4257   826.12      .78     1.00      .00    -7.85    10.00  -126.85   -86.84      .00
   3.6461  -5.4668   602.45      .87     1.00      .00    -4.77    10.00   251.71    61.04      .00
   3.6362  -5.4624   723.32      .89     1.00      .00    -4.69    10.00  -277.64    45.40      .00
   3.6421  -5.4766   699.89      .75     1.00      .00    -4.56    10.00    37.21    96.65      .00
   3.6407  -5.4183   715.46      .82     1.00      .00    -4.65    10.00   -35.85  -113.29      .00
   3.6395  -5.4777   609.48      .80     1.00      .00    -4.75    10.00   -98.93   100.42      .00
   3.6415  -5.4238   586.30      .73     1.00      .00    -5.26    10.00     4.03   -93.60      .00
   3.6382  -5.4132   736.80      .93      .94      .06    -4.85    11.00  -173.25  -131.64      .00
   3.6408  -5.4863   706.73      .88      .91      .09    -4.68    11.00   -33.59   131.24      .00
   3.6415  -5.4081   739.85      .93      .94      .06    -4.88    11.00     6.69  -150.16      .00
   3.6333  -5.4566   711.79      .50      .58      .42    -4.81    11.00  -434.28    24.32      .00
   3.6375  -5.4209   535.64      .90      .89      .11    -5.48    11.00  -206.69  -104.20      .00
   3.6352  -5.4277   592.22      .95      .95      .05    -4.84    11.00  -334.42   -79.55      .00
   3.6330  -5.4570   757.55      .50      .99      .01    -5.71    11.00  -453.18    25.81      .00
   3.6421  -5.4166   693.11      .84      .89      .11    -4.64    11.00    37.57  -119.54      .00
   3.6432  -5.4106   618.65      .92      .94      .06    -4.69    11.00    95.74  -141.07      .00
   3.6433  -5.4868   642.52      .91      .93      .07    -4.60    11.00   105.27   133.35      .00
   3.6457  -5.4162   875.15      .94      .89      .11    -6.98    11.00   231.67  -120.97      .00
   3.6474  -5.4692   688.41      .94      .93      .07    -4.57    11.00   320.91    69.78      .00
   3.6325  -5.4532   697.08      .50      .86      .14    -5.14    11.00  -479.28    12.10      .00
   3.6490  -5.4630   803.42      .50      .90      .10    -6.22    11.00   408.59    47.69      .00
   3.6365  -5.4201   561.05      .94      .94      .06    -5.15    11.00  -262.56  -106.95      .00
   3.6423  -5.4159   748.02      .86      .88      .12    -4.96    11.00    51.65  -122.18      .00
   3.6497  -5.4384   616.63      .50      .44      .56    -4.54    11.00   446.05   -40.88      .00
   3.6494  -5.4549   476.17      .50     1.00      .00    -7.25    11.00   432.96    18.35      .00
   3.6472  -5.4743   621.29      .95      .95      .05    -4.65    11.00   314.04    88.33      .00
   3.6414  -5.4862   671.75      .88      .92      .08    -4.59    11.00     2.82   131.08      .00
   3.6337  -5.4614   770.88      .50      .83      .17    -5.68    11.00  -413.31    41.70      .00
   3.6445  -5.4128   523.17      .93      .92      .08    -5.66    11.00   166.69  -133.03      .00
   3.6336  -5.4589   786.87      .50      .99      .01    -6.07    11.00  -419.49    32.69      .00
   3.6469  -5.4827   557.51      .96      .96      .04    -5.20    11.00   296.98   118.26      .00
   3.6382  -5.4141   767.24      .92      .93      .07    -5.14    11.00  -170.33  -128.58      .00
   3.6402  -5.4127   650.58      .90      .93      .07    -4.59    11.00   -64.17  -133.54      .00
   3.6453  -5.4820   751.33      .92      .93      .07    -4.97    11.00   208.29   116.07      .00
   3.6446  -5.4816   750.16      .90      .91      .09    -4.97    11.00   170.22   114.54      .00
   3.6435  -5.4158   729.42      .88      .91      .09    -4.80    11.00   114.21  -122.34      .00
   3.6445  -5.4186   827.06      .89      .85      .15    -5.98    11.00   168.88  -112.33      .00
