   3.6403  -5.4478  1055.60      .09     1.00      .00   -10.58     1.00   -59.10    -7.38      .00
   3.6403  -5.4471  1243.96      .09      .07      .93    -3.84     1.00   -58.51    -9.79      .00
   3.6424  -5.4537  1306.57      .10      .13      .87    -5.51     1.00    52.19    13.96      .00
   3.6400  -5.4486  1117.21      .08     1.00      .00    -8.19     1.00   -76.84    -4.50      .00
   3.6429  -5.4516  1325.55      .08     1.00      .00    -8.37     1.00    80.45     6.48      .00
   3.6400  -5.4510  1138.10      .08     1.00      .00    -7.60     1.00   -73.39     4.34      .00
   3.6405  -5.4505  1330.44      .10     1.00      .00    -8.23     1.00   -46.25     2.47      .00
   3.6423  -5.4516  1337.76      .10      .98      .02    -8.53     1.00    50.12     6.50      .00
   3.6425  -5.4460  1372.61      .09      .49      .51    -9.39     1.00    59.44   -13.69      .00
   3.6401  -5.4547  1049.78      .09      .35      .65    -9.82     1.00   -66.72    17.64      .00
   3.6400  -5.4504  1138.11      .08     1.00      .00    -7.61     1.00   -76.02     1.99      .00
   3.6407  -5.4428  1200.03      .12      .14      .86    -4.22     1.00   -38.41   -25.07      .00
   3.6401  -5.4489  1123.07      .08     1.00      .00    -7.98     1.00   -68.26    -3.41      .00
   3.6405  -5.4485  1038.38      .10     1.00      .00   -11.32     1.00   -46.43    -4.58      .00
   3.6406  -5.4486  1023.72      .11     1.00      .00   -12.13     1.00   -44.90    -4.29      .00
   3.6421  -5.4441  1214.52      .12      .13      .87    -4.13     1.00    40.28   -20.70      .00
   3.6401  -5.4522  1112.73      .08      .94      .06    -8.24     1.00   -70.59     8.64      .00
   3.6406  -5.4558  1164.40      .11      .11      .89    -4.51     1.00   -44.32    21.72      .00
   3.6424  -5.4454  1385.92      .10      .22      .78    -9.14     1.00    52.80   -15.90      .00
   3.6423  -5.4505  1258.54      .09      .79      .21    -6.40     1.00    51.45     2.68      .00
   3.6403  -5.4496  1184.36      .09     1.00      .00    -6.66     1.00   -57.30     -.60      .00
   3.6405  -5.4451  1079.42      .10      .12      .88    -7.21     1.00   -48.10   -16.77      .00
   3.6403  -5.4492  1147.77      .08     1.00      .00    -7.29     1.00   -60.52    -2.27      .00
   3.6402  -5.4543  1297.57      .09      .11      .89    -5.25     1.00   -63.08    16.04      .00
   3.6404  -5.4461  1160.99      .10      .10      .90    -4.61     1.00   -52.71   -13.35      .00
   3.6425  -5.4461  1179.00      .09      .08      .92    -4.19     1.00    61.41   -13.39      .00
   3.6405  -5.4533  1071.04      .10      .27      .73    -8.35     1.00   -47.13    12.76      .00
   3.6428  -5.4516  1172.13      .08      .28      .72    -5.66     1.00    78.59     6.59      .00
   3.6399  -5.4484   946.67      .08     1.00      .00   -18.00     1.00   -77.46    -5.04      .00
   3.6407  -5.4561  1143.86      .12      .11      .89    -4.85     1.00   -39.57    22.70      .00
   3.6428  -5.4466  1299.47      .08      .30      .70    -6.38     1.00    78.08   -11.70      .00
   3.6427  -5.4531  1364.83      .08      .94      .06    -9.78     1.00    71.22    11.73      .00
   3.6402  -5.4544  1132.76      .09      .12      .88    -5.51     1.00   -65.12    16.50      .00
   3.6427  -5.4493  1380.54      .08     1.00      .00   -10.63     1.00    72.85    -1.98      .00
   3.6398  -5.4482  1151.50      .08      .99      .01    -7.31     1.00   -85.19    -5.60      .00
   3.6422  -5.4442  1300.26      .11      .10      .90    -5.02     1.00    44.58   -19.99      .00
   3.6425  -5.4489  1285.09      .09     1.00      .00    -7.16     1.00    57.38    -3.33      .00
   3.6430  -5.4435  1272.22      .09      .08      .92    -4.49     2.00    84.54   -22.58      .00
   3.6404  -5.4401  1282.62      .12      .10      .90    -4.70     2.00   -52.31   -35.08      .00
   3.6431  -5.4515  1251.15      .08      .13      .87    -4.57     2.00    92.22     6.04      .00
   3.6401  -5.4563  1257.65      .09      .11      .89    -4.31     2.00   -66.85    23.37      .00
   3.6420  -5.4604  1152.83      .13      .11      .89    -4.75     2.00    33.88    38.20      .00
   3.6403  -5.4573  1139.60      .10      .06      .94    -4.94     2.00   -57.79    27.00      .00
   3.6437  -5.4491  1355.25      .09     1.00      .00   -11.40     2.00   126.17    -2.69      .00
   3.6431  -5.4551  1367.13      .09      .03      .97    -8.88     2.00    89.65    19.16      .00
   3.6400  -5.4546  1128.82      .08      .05      .95    -5.58     2.00   -74.90    17.36      .00
   3.6420  -5.4595  1377.98      .13      .00     1.00    -6.54     2.00    34.92    34.90      .00
   3.6397  -5.4536   987.91      .08      .93      .07   -21.28     2.00   -90.09    13.57      .00
   3.6406  -5.4603  1205.98      .13      .21      .79    -4.28     2.00   -39.62    37.98      .00
   3.6402  -5.4410  1086.35      .11      .01      .99    -6.13     2.00   -63.42   -31.50      .00
   3.6429  -5.4453  1382.39      .08      .04      .96   -10.71     2.00    83.59   -16.28      .00
   3.6421  -5.4425  1330.83      .12      .02      .98    -5.54     2.00    39.48   -26.17      .00
   3.6431  -5.4488  1343.16      .08     1.00      .00   -10.70     2.00    90.70    -3.57      .00
   3.6404  -5.4425  1256.65      .10      .13      .87    -4.37     2.00   -53.10   -26.30      .00
   3.6422  -5.4419  1224.52      .11      .18      .82    -4.23     2.00    45.53   -28.40      .00
   3.6406  -5.4568  1269.10      .12      .12      .88    -4.52     2.00   -41.68    25.16      .00
   3.6401  -5.4570  1154.76      .10      .08      .92    -4.68     2.00   -70.21    26.05      .00
   3.6424  -5.4574  1335.25      .10      .02      .98    -5.73     2.00    55.60    27.27      .00
   3.6422  -5.4398  1268.05      .12      .14      .86    -4.53     2.00    44.99   -36.02      .00
   3.6430  -5.4415  1376.36      .10      .00     1.00    -7.51     2.00    86.87   -29.82      .00
   3.6426  -5.4402  1396.65      .11      .00     1.00    -7.51     2.00    66.56   -34.47      .00
   3.6400  -5.4580  1190.88      .10      .13      .87    -4.24     2.00   -73.57    29.56      .00
   3.6432  -5.4440  1244.95      .09      .10      .90    -4.00     2.00    97.22   -20.88      .00
   3.6432  -5.4509  1356.21      .08     1.00      .00   -11.65     2.00    98.34     3.90      .00
   3.6401  -5.4572  1227.55      .10      .14      .86    -4.12     2.00   -70.54    26.55      .00
   3.6423  -5.4580  1261.26      .11      .13      .87    -4.44     2.00    50.75    29.58      .00
   3.6406  -5.4423  1038.60      .11      .00     1.00    -7.38     2.00   -43.26   -27.05      .00
   3.6431  -5.4523  1448.27      .08     1.00      .00   -21.23     2.00    90.08     8.83      .00
   3.6434  -5.4498  1336.80      .08     1.00      .00   -10.21     2.00   106.90      .07      .00
   3.6392  -5.4539  1000.48      .09     1.00      .00   -19.62     2.00  -118.25    14.78      .00
   3.6432  -5.4475  1267.14      .08      .21      .79    -5.39     2.00    97.91    -8.28      .00
   3.6421  -5.4428  1295.51      .12      .07      .93    -4.90     2.00    38.40   -25.17      .00
   3.6433  -5.4518  1365.75      .08     1.00      .00   -12.40     2.00   100.94     7.37      .00
   3.6395  -5.4516  1116.23      .08     1.00      .00    -9.25     2.00  -100.68     6.39      .00
   3.6418  -5.4630  1096.26      .15      .00     1.00    -5.55     3.00    23.71    47.61      .00
   3.6430  -5.4357  1189.06      .15      .19      .81    -4.47     3.00    84.17   -50.67      .00
   3.6434  -5.4579  1339.29      .11      .00     1.00    -6.05     3.00   108.08    29.16      .00
   3.6441  -5.4621  1318.48      .19      .00     1.00    -5.50     3.00   146.62    44.44      .00
   3.6420  -5.4620  1161.89      .14      .01      .99    -4.88     3.00    31.70    44.02      .00
   3.6420  -5.4365  1191.08      .15      .23      .77    -4.50     3.00    31.43   -47.87      .00
   3.6424  -5.4601  1261.67      .12      .04      .96    -4.69     3.00    52.90    37.14      .00
   3.6367  -5.4430  1036.77      .46      .00     1.00   -23.22     3.00  -249.80   -24.50      .00
   3.6394  -5.4428  1193.16      .10      .12      .88    -4.14     3.00  -107.13   -25.06      .00
   3.6402  -5.4385   959.92      .12      .00     1.00    -9.05     3.00   -66.18   -40.77      .00
   3.6441  -5.4572  1388.43      .13      .00     1.00    -9.81     3.00   143.23    26.65      .00
   3.6438  -5.4450  1460.73      .10      .00     1.00   -22.79     3.00   127.56   -17.44      .00
   3.6408  -5.4640  1110.91      .16      .00     1.00    -5.37     3.00   -30.66    51.03      .00
   3.6389  -5.4533  1136.82      .10      .00     1.00    -7.66     3.00  -133.23    12.51      .00
   3.6404  -5.4601  1090.84      .12      .00     1.00    -5.66     3.00   -55.01    37.25      .00
   3.6400  -5.4355  1055.01      .15      .00     1.00    -6.37     3.00   -76.65   -51.49      .00
   3.6419  -5.4664  1217.15      .19      .55      .45    -3.97     3.00    29.11    59.67      .00
   3.6418  -5.4364  1281.14      .16      .00     1.00    -4.94     3.00    20.19   -48.13      .00
   3.6431  -5.4587  1192.27      .10      .15      .85    -4.31     3.00    91.28    32.09      .00
   3.6410  -5.4616  1263.55      .15      .04      .96    -4.79     3.00   -19.35    42.35      .00
   3.6420  -5.4644  1231.76      .16      .44      .56    -4.16     3.00    32.70    52.49      .00
   3.6409  -5.4657  1181.02      .18      .12      .88    -4.71     3.00   -28.82    57.37      .00
   3.6448  -5.4501  1289.79      .18     1.00      .00   -12.42     3.00   182.54      .95      .00
   3.6432  -5.4583  1216.63      .10      .31      .69    -3.99     3.00    95.25    30.62      .00
   3.6390  -5.4535  1211.64      .10      .15      .85    -3.40     3.00  -125.72    13.15      .00
   3.6429  -5.4596  1401.54      .11      .00     1.00    -7.17     3.00    81.50    35.23      .00
   3.6413  -5.4627  1150.00      .16      .00     1.00    -5.00     3.00    -2.17    46.56      .00
   3.6374  -5.4679  1122.46      .50      .00     1.00    -5.91     3.00  -213.16    65.00      .00
   3.6444  -5.4398  1226.02      .18      .40      .60    -3.74     3.00   161.68   -35.82      .00
   3.6423  -5.4603  1317.39      .12      .00     1.00    -5.23     3.00    48.09    37.64      .00
   3.6396  -5.4378  1112.91      .13      .00     1.00    -5.40     3.00   -97.60   -43.05      .00
   3.6444  -5.4703  1318.89      .40      .00     1.00    -5.68     3.00   164.46    73.67      .00
   3.6391  -5.4547   902.83      .10      .00     1.00   -34.51     3.00  -124.82    17.62      .00
   3.6428  -5.4655  1392.57      .17      .00     1.00    -6.56     3.00    74.12    56.64      .00
   3.6425  -5.4379  1233.31      .13      .35      .65    -4.21     3.00    62.31   -42.96      .00
